# q	O-Si	O-O	Si-Si	total
0.12762	504.00000	504.00000	504.00000	1961.81145
0.30811	0.05434	0.05434	0.05434	0.21151
0.40154	0.08065	0.08065	0.08065	0.31394
0.47630	0.11051	0.11051	0.11051	0.43015
0.54062	0.04382	0.04382	0.04382	0.17056
0.59799	0.11117	0.11117	0.11117	0.43271
0.67359	0.06731	0.06731	0.06731	0.26200
0.74385	0.12013	0.12013	0.12013	0.46762
0.76574	0.09872	0.09872	0.09872	0.38428
0.78645	0.16679	0.16679	0.16679	0.64921
0.82686	0.12265	0.12265	0.12265	0.47743
0.84656	0.18315	0.18315	0.18315	0.71290
0.86538	0.11089	0.11089	0.11089	0.43162
0.90226	0.08862	0.08862	0.08862	0.34495
0.93768	0.10725	0.10725	0.10725	0.41746
0.98802	0.27342	0.27342	0.27342	1.06429
1.03670	0.15990	0.15990	0.15990	0.62239
1.06767	0.30083	0.30083	0.30083	1.17098
1.08293	0.20913	0.20913	0.20913	0.81404
1.09776	0.43728	0.43728	0.43728	1.70212
1.12705	0.34101	0.34101	0.34101	1.32738
1.15560	0.38094	0.38094	0.38094	1.48282
1.18346	0.25923	0.25923	0.25923	1.00905
1.22384	0.34288	0.34288	0.34288	1.33466
1.26335	0.30992	0.30992	0.30992	1.20636
1.27624	0.43675	0.43675	0.43675	1.70003
1.28888	0.63530	0.63530	0.63530	2.47291
1.30151	0.48960	0.48960	0.48960	1.90576
1.31391	0.60237	0.60237	0.60237	2.34472
1.35043	0.37759	0.37759	0.37759	1.46977
1.37455	0.32774	0.32774	0.32774	1.27574
1.38630	0.77603	0.77603	0.77603	3.02068
1.42098	0.42524	0.42524	0.42524	1.65524
1.45509	0.64962	0.64962	0.64962	2.52863
1.47731	0.67831	0.67831	0.67831	2.64031
1.49920	0.77552	0.77552	0.77552	3.01869
1.52078	0.58182	0.58182	0.58182	2.26473
1.54205	0.72302	0.72302	0.72302	2.81436
1.56303	0.86901	0.86901	0.86901	3.38261
1.57345	0.37104	0.37104	0.37104	1.44428
1.59389	0.97601	0.97601	0.97601	3.79910
1.62436	0.81492	0.81492	0.81492	3.17205
1.63438	0.90399	0.90399	0.90399	3.51877
1.64429	0.75373	0.75373	0.75373	2.93388
1.66398	0.52478	0.52478	0.52478	2.04271
1.68345	0.82308	0.82308	0.82308	3.20383
1.69312	1.36576	1.36576	1.36576	5.31622
1.70269	0.75459	0.75459	0.75459	2.93724
1.71226	0.97262	0.97262	0.97262	3.78590
1.72172	0.49223	0.49223	0.49223	1.91601
1.74979	0.61268	0.61268	0.61268	2.38486
1.77757	1.61054	1.61054	1.61054	6.26900
1.78674	0.77999	0.77999	0.77999	3.03609
1.79581	0.50396	0.50396	0.50396	1.96165
1.81386	0.59629	0.59629	0.59629	2.32103
1.83173	0.46427	0.46427	0.46427	1.80716
1.84943	0.40317	0.40317	0.40317	1.56931
1.85823	0.61765	0.61765	0.61765	2.40420
1.86696	0.40706	0.40706	0.40706	1.58446
1.87568	0.40724	0.40724	0.40724	1.58516
1.89289	0.51872	0.51872	0.51872	2.01910
1.91859	0.41674	0.41674	0.41674	1.62214
1.92708	0.46849	0.46849	0.46849	1.82358
1.93550	0.59890	0.59890	0.59890	2.33121
1.95225	0.36801	0.36801	0.36801	1.43249
1.96060	0.61872	0.61872	0.61872	2.40836
1.97707	0.40398	0.40398	0.40398	1.57248
2.00169	0.39925	0.39925	0.39925	1.55408
2.02590	0.48537	0.48537	0.48537	1.88930
2.04993	1.05194	1.05194	1.05194	4.09466
2.06576	0.34910	0.34910	0.34910	1.35887
2.08147	0.47459	0.47459	0.47459	1.84733
2.09706	0.18642	0.18642	0.18642	0.72562
2.11254	0.30866	0.30866	0.30866	1.20144
2.12790	0.36955	0.36955	0.36955	1.43846
2.15070	0.41408	0.41408	0.41408	1.61180
2.17335	0.27731	0.27731	0.27731	1.07944
2.18084	0.36295	0.36295	0.36295	1.41277
2.18828	0.27309	0.27309	0.27309	1.06301
2.20312	0.29732	0.29732	0.29732	1.15732
2.21786	0.25504	0.25504	0.25504	0.99275
2.23250	0.22096	0.22096	0.22096	0.86007
2.24704	0.27462	0.27462	0.27462	1.06895
2.26865	0.26816	0.26816	0.26816	1.04379
2.29012	0.26270	0.26270	0.26270	1.02256
2.29723	0.22339	0.22339	0.22339	0.86953
2.30430	0.31240	0.31240	0.31240	1.21602
2.31839	0.32562	0.32562	0.32562	1.26748
2.32542	0.31160	0.31160	0.31160	1.21291
2.33240	0.14322	0.14322	0.14322	0.55749
2.34633	0.26967	0.26967	0.26967	1.04970
2.35327	0.29388	0.29388	0.29388	1.14392
2.36017	0.18936	0.18936	0.18936	0.73707
2.36707	0.25129	0.25129	0.25129	0.97815
2.38076	0.24092	0.24092	0.24092	0.93776
2.40122	0.18416	0.18416	0.18416	0.71685
2.40801	0.21017	0.21017	0.21017	0.81809
2.41475	0.21323	0.21323	0.21323	0.83001
2.42150	0.32005	0.32005	0.32005	1.24580
2.42820	0.25635	0.25635	0.25635	0.99784
2.44822	0.25522	0.25522	0.25522	0.99345
2.46812	0.18321	0.18321	0.18321	0.71313
2.47472	0.22114	0.22114	0.22114	0.86079
2.48782	0.23918	0.23918	0.23918	0.93102
2.50741	0.19314	0.19314	0.19314	0.75181
2.51390	0.17128	0.17128	0.17128	0.66672
2.52036	0.29488	0.29488	0.29488	1.14783
2.52683	0.21086	0.21086	0.21086	0.82076
2.53326	0.34386	0.34386	0.34386	1.33846
2.53969	0.22967	0.22967	0.22967	0.89398
2.54608	0.19926	0.19926	0.19926	0.77562
2.55248	0.23675	0.23675	0.23675	0.92154
2.55885	0.49719	0.49719	0.49719	1.93530
2.56521	0.23780	0.23780	0.23780	0.92563
2.56521	0.21588	0.21588	0.21588	0.84033
2.57154	0.22901	0.22901	0.22901	0.89141
2.59045	0.15399	0.15399	0.15399	0.59940
2.60303	0.18496	0.18496	0.18496	0.71996
2.60927	0.23411	0.23411	0.23411	0.91128
2.61551	0.26569	0.26569	0.26569	1.03419
2.62173	0.31498	0.31498	0.31498	1.22607
2.63412	0.29037	0.29037	0.29037	1.13025
2.64646	0.19868	0.19868	0.19868	0.77336
2.65262	0.24967	0.24967	0.24967	0.97183
2.65874	0.23524	0.23524	0.23524	0.91567
2.66487	0.30807	0.30807	0.30807	1.19917
2.67097	0.12917	0.12917	0.12917	0.50281
2.67706	0.25314	0.25314	0.25314	0.98534
2.69519	0.31402	0.31402	0.31402	1.22231
2.71332	0.28164	0.28164	0.28164	1.09627
2.71931	0.34434	0.34434	0.34434	1.34035
2.73127	0.38254	0.38254	0.38254	1.48903
2.74317	0.36684	0.36684	0.36684	1.42791
2.74911	0.37289	0.37289	0.37289	1.45147
2.75502	0.46161	0.46161	0.46161	1.79679
2.76093	0.38251	0.38251	0.38251	1.48891
2.76682	0.35067	0.35067	0.35067	1.36496
2.78440	0.35208	0.35208	0.35208	1.37048
2.80192	0.50612	0.50612	0.50612	1.97005
2.81352	0.32055	0.32055	0.32055	1.24774
2.82507	0.35220	0.35220	0.35220	1.37095
2.84230	0.39516	0.39516	0.39516	1.53817
2.85376	0.49859	0.49859	0.49859	1.94077
2.85946	0.27906	0.27906	0.27906	1.08622
2.87648	0.42885	0.42885	0.42885	1.66929
2.89343	0.23633	0.23633	0.23633	0.91991
2.89906	0.50527	0.50527	0.50527	1.96674
2.90467	0.54310	0.54310	0.54310	2.11400
2.91586	0.54132	0.54132	0.54132	2.10708
2.92701	0.45548	0.45548	0.45548	1.77296
2.93258	0.58404	0.58404	0.58404	2.27338
2.93812	0.41594	0.41594	0.41594	1.61904
2.94919	0.42889	0.42889	0.42889	1.66944
2.95471	0.47083	0.47083	0.47083	1.83270
2.96569	0.39502	0.39502	0.39502	1.53761
2.97668	0.48143	0.48143	0.48143	1.87395
2.98214	0.25920	0.25920	0.25920	1.00894
2.98760	0.35385	0.35385	0.35385	1.37735
2.99304	0.39502	0.39502	0.39502	1.53761
3.00391	0.38172	0.38172	0.38172	1.48583
3.00933	0.42458	0.42458	0.42458	1.65269
3.01473	0.42953	0.42953	0.42953	1.67194
3.02552	0.37071	0.37071	0.37071	1.44299
3.03090	0.42994	0.42994	0.42994	1.67353
3.03627	0.47085	0.47085	0.47085	1.83277
3.05230	0.48515	0.48515	0.48515	1.88846
3.06298	0.41737	0.41737	0.41737	1.62462
3.06828	0.24406	0.24406	0.24406	0.95001
3.07359	0.42468	0.42468	0.42468	1.65304
3.07888	0.51419	0.51419	0.51419	2.00149
3.08945	0.39266	0.39266	0.39266	1.52841
3.09997	0.35527	0.35527	0.35527	1.38288
3.11046	0.44578	0.44578	0.44578	1.73517
3.11570	0.38520	0.38520	0.38520	1.49937
3.12092	0.47655	0.47655	0.47655	1.85495
3.13652	0.49147	0.49147	0.49147	1.91302
3.14691	0.30572	0.30572	0.30572	1.19000
3.15208	0.66682	0.66682	0.66682	2.59557
3.15724	0.44651	0.44651	0.44651	1.73802
3.16239	0.32517	0.32517	0.32517	1.26572
3.16754	0.54730	0.54730	0.54730	2.13035
3.17268	0.33537	0.33537	0.33537	1.30541
3.18803	0.41959	0.41959	0.41959	1.63323
3.20333	0.44835	0.44835	0.44835	1.74518
3.20842	0.33237	0.33237	0.33237	1.29374
3.21854	0.36955	0.36955	0.36955	1.43848
3.23370	0.43283	0.43283	0.43283	1.68478
3.23873	0.22195	0.22195	0.22195	0.86392
3.24376	0.37271	0.37271	0.37271	1.45076
3.24878	0.44585	0.44585	0.44585	1.73548
3.25378	0.48604	0.48604	0.48604	1.89190
3.26378	0.49343	0.49343	0.49343	1.92068
3.26877	0.49241	0.49241	0.49241	1.91671
3.27374	0.41833	0.41833	0.41833	1.62833
3.28368	0.46092	0.46092	0.46092	1.79411
3.28864	0.39254	0.39254	0.39254	1.52797
3.28864	0.45752	0.45752	0.45752	1.78091
3.29852	0.63955	0.63955	0.63955	2.48945
3.31331	0.35744	0.35744	0.35744	1.39134
3.32313	0.48258	0.48258	0.48258	1.87842
3.32803	0.48972	0.48972	0.48972	1.90625
3.33291	0.46061	0.46061	0.46061	1.79293
3.33780	0.44433	0.44433	0.44433	1.72957
3.34267	0.42919	0.42919	0.42919	1.67062
3.35240	0.41292	0.41292	0.41292	1.60727
3.35726	0.27606	0.27606	0.27606	1.07455
3.36211	0.37998	0.37998	0.37998	1.47905
3.36695	0.33405	0.33405	0.33405	1.30028
3.37660	0.35334	0.35334	0.35334	1.37535
3.38625	0.40375	0.40375	0.40375	1.57158
3.39105	0.45003	0.45003	0.45003	1.75173
3.39585	0.46211	0.46211	0.46211	1.79876
3.40064	0.30939	0.30939	0.30939	1.20428
3.40543	0.25001	0.25001	0.25001	0.97318
3.41021	0.30190	0.30190	0.30190	1.17514
3.41975	0.37578	0.37578	0.37578	1.46273
3.42926	0.56267	0.56267	0.56267	2.19019
3.43401	0.30433	0.30433	0.30433	1.18459
3.43875	0.40422	0.40422	0.40422	1.57342
3.44348	0.54625	0.54625	0.54625	2.12627
3.45292	0.53828	0.53828	0.53828	2.09524
3.46705	0.41567	0.41567	0.41567	1.61800
3.47175	0.47963	0.47963	0.47963	1.86696
3.47643	0.38712	0.38712	0.38712	1.50687
3.48112	0.29784	0.29784	0.29784	1.15933
3.48579	0.41550	0.41550	0.41550	1.61733
3.49977	0.35742	0.35742	0.35742	1.39127
3.50908	0.30095	0.30095	0.30095	1.17144
3.51372	0.34637	0.34637	0.34637	1.34824
3.52759	0.29456	0.29456	0.29456	1.14658
3.54142	0.26320	0.26320	0.26320	1.02449
3.55061	0.48326	0.48326	0.48326	1.88108
3.55519	0.32759	0.32759	0.32759	1.27515
3.55977	0.41253	0.41253	0.41253	1.60576
3.56891	0.28861	0.28861	0.28861	1.12341
3.57802	0.34039	0.34039	0.34039	1.32495
3.58258	0.45441	0.45441	0.45441	1.76880
3.58712	0.25793	0.25793	0.25793	1.00400
3.59166	0.45571	0.45571	0.45571	1.77384
3.60071	0.32559	0.32559	0.32559	1.26735
3.60975	0.50210	0.50210	0.50210	1.95440
3.61426	0.22838	0.22838	0.22838	0.88896
3.61877	0.39264	0.39264	0.39264	1.52836
3.62326	0.45072	0.45072	0.45072	1.75444
3.63224	0.35666	0.35666	0.35666	1.38831
3.63672	0.51843	0.51843	0.51843	2.01800
3.64120	0.41438	0.41438	0.41438	1.61297
3.64567	0.41266	0.41266	0.41266	1.60626
3.65013	0.28410	0.28410	0.28410	1.10585
3.65905	0.47145	0.47145	0.47145	1.83511
3.66350	0.36483	0.36483	0.36483	1.42008
3.67237	0.36620	0.36620	0.36620	1.42543
3.68566	0.26965	0.26965	0.26965	1.04962
3.69008	0.18315	0.18315	0.18315	0.71291
3.69449	0.44210	0.44210	0.44210	1.72088
3.69890	0.39769	0.39769	0.39769	1.54802
3.70329	0.50433	0.50433	0.50433	1.96309
3.71208	0.46719	0.46719	0.46719	1.81854
3.72084	0.49665	0.49665	0.49665	1.93321
3.72959	0.41461	0.41461	0.41461	1.61388
3.74266	0.33634	0.33634	0.33634	1.30919
3.75136	0.37858	0.37858	0.37858	1.47360
3.75570	0.23911	0.23911	0.23911	0.93074
3.76437	0.50827	0.50827	0.50827	1.97842
3.77301	0.39121	0.39121	0.39121	1.52278
3.78593	0.32832	0.32832	0.32832	1.27799
3.79453	0.31162	0.31162	0.31162	1.21297
3.79882	0.33836	0.33836	0.33836	1.31706
3.81166	0.35430	0.35430	0.35430	1.37911
3.82446	0.38874	0.38874	0.38874	1.51315
3.83297	0.42388	0.42388	0.42388	1.64994
3.84146	0.40683	0.40683	0.40683	1.58357
3.84993	0.46547	0.46547	0.46547	1.81185
3.85416	0.27783	0.27783	0.27783	1.08144
3.85838	0.38671	0.38671	0.38671	1.50525
3.86682	0.34646	0.34646	0.34646	1.34861
3.87942	0.35412	0.35412	0.35412	1.37839
3.89201	0.37300	0.37300	0.37300	1.45190
3.89619	0.27401	0.27401	0.27401	1.06660
3.90037	0.46772	0.46772	0.46772	1.82059
3.90871	0.43506	0.43506	0.43506	1.69347
3.91704	0.45441	0.45441	0.45441	1.76879
3.92119	0.27865	0.27865	0.27865	1.08464
3.92534	0.50852	0.50852	0.50852	1.97940
3.93363	0.32354	0.32354	0.32354	1.25939
3.95014	0.41973	0.41973	0.41973	1.63381
3.96251	0.37173	0.37173	0.37173	1.44694
3.96662	0.34528	0.34528	0.34528	1.34399
3.97073	0.27028	0.27028	0.27028	1.05207
3.97483	0.44161	0.44161	0.44161	1.71894
3.97892	0.47186	0.47186	0.47186	1.83670
3.98301	0.45903	0.45903	0.45903	1.78678
3.98710	0.42968	0.42968	0.42968	1.67253
3.99118	0.35059	0.35059	0.35059	1.36467
3.99934	0.33386	0.33386	0.33386	1.29953
4.01153	0.42662	0.42662	0.42662	1.66061
4.02370	0.40491	0.40491	0.40491	1.57612
4.02775	0.36364	0.36364	0.36364	1.41544
4.03179	0.32885	0.32885	0.32885	1.28006
4.03986	0.40632	0.40632	0.40632	1.58158
4.04389	0.47193	0.47193	0.47193	1.83698
4.05193	0.44758	0.44758	0.44758	1.74220
4.06398	0.52842	0.52842	0.52842	2.05686
4.07598	0.41832	0.41832	0.41832	1.62830
4.08795	0.38046	0.38046	0.38046	1.48095
4.09591	0.47286	0.47286	0.47286	1.84059
4.09989	0.43224	0.43224	0.43224	1.68249
4.10386	0.36792	0.36792	0.36792	1.43214
4.11179	0.37975	0.37975	0.37975	1.47819
4.11575	0.28449	0.28449	0.28449	1.10736
4.11970	0.53318	0.53318	0.53318	2.07541
4.12760	0.42429	0.42429	0.42429	1.65153
4.13942	0.47610	0.47610	0.47610	1.85322
4.15121	0.37804	0.37804	0.37804	1.47151
4.15514	0.29424	0.29424	0.29424	1.14531
4.15905	0.51374	0.51374	0.51374	1.99971
4.16688	0.40963	0.40963	0.40963	1.59449
4.17079	0.36286	0.36286	0.36286	1.41244
4.17469	0.26080	0.26080	0.26080	1.01517
4.18248	0.51289	0.51289	0.51289	1.99641
4.19027	0.46623	0.46623	0.46623	1.81478
4.20191	0.43963	0.43963	0.43963	1.71126
4.21352	0.49884	0.49884	0.49884	1.94171
4.21739	0.52144	0.52144	0.52144	2.02972
4.22125	0.64087	0.64087	0.64087	2.49459
4.22896	0.46391	0.46391	0.46391	1.80576
4.23665	0.43690	0.43690	0.43690	1.70063
4.24434	0.43232	0.43232	0.43232	1.68280
4.25200	0.52459	0.52459	0.52459	2.04196
4.25584	0.32229	0.32229	0.32229	1.25451
4.26348	0.53665	0.53665	0.53665	2.08889
4.27493	0.49391	0.49391	0.49391	1.92254
4.27874	0.44542	0.44542	0.44542	1.73377
4.28254	0.46730	0.46730	0.46730	1.81895
4.29014	0.45469	0.45469	0.45469	1.76986
4.30151	0.57788	0.57788	0.57788	2.24940
4.30908	0.44187	0.44187	0.44187	1.71996
4.31286	0.52207	0.52207	0.52207	2.03215
4.31664	0.57142	0.57142	0.57142	2.22423
4.32417	0.44328	0.44328	0.44328	1.72544
4.33170	0.27729	0.27729	0.27729	1.07933
4.33546	0.50546	0.50546	0.50546	1.96750
4.33922	0.42691	0.42691	0.42691	1.66175
4.34297	0.35374	0.35374	0.35374	1.37693
4.34672	0.36211	0.36211	0.36211	1.40952
4.35046	0.43915	0.43915	0.43915	1.70940
4.35421	0.35325	0.35325	0.35325	1.37501
4.35794	0.46119	0.46119	0.46119	1.79519
4.36541	0.38143	0.38143	0.38143	1.48473
4.37287	0.57600	0.57600	0.57600	2.24206
4.37659	0.59419	0.59419	0.59419	2.31286
4.38402	0.46051	0.46051	0.46051	1.79255
4.39145	0.48024	0.48024	0.48024	1.86933
4.39516	0.50133	0.50133	0.50133	1.95141
4.40256	0.54251	0.54251	0.54251	2.11169
4.40996	0.49877	0.49877	0.49877	1.94146
4.41365	0.38856	0.38856	0.38856	1.51245
4.41734	0.43531	0.43531	0.43531	1.69445
4.42471	0.61109	0.61109	0.61109	2.37866
4.42839	0.36606	0.36606	0.36606	1.42488
4.43206	0.41160	0.41160	0.41160	1.60216
4.43574	0.73902	0.73902	0.73902	2.87664
4.44307	0.53055	0.53055	0.53055	2.06516
4.45406	0.62506	0.62506	0.62506	2.43302
4.46137	0.48081	0.48081	0.48081	1.87154
4.46502	0.51447	0.51447	0.51447	2.00257
4.46866	0.61971	0.61971	0.61971	2.41223
4.47231	0.80565	0.80565	0.80565	3.13598
4.47595	0.41762	0.41762	0.41762	1.62559
4.47958	0.47396	0.47396	0.47396	1.84490
4.48322	0.29299	0.29299	0.29299	1.14044
4.48685	0.40137	0.40137	0.40137	1.56234
4.49048	0.44204	0.44204	0.44204	1.72064
4.49411	0.65986	0.65986	0.65986	2.56849
4.50134	0.59908	0.59908	0.59908	2.33189
4.51219	0.74140	0.74140	0.74140	2.88588
4.51940	0.46473	0.46473	0.46473	1.80897
4.52301	0.42735	0.42735	0.42735	1.66344
4.52660	0.53400	0.53400	0.53400	2.07860
4.53020	0.65822	0.65822	0.65822	2.56213
4.53738	0.65024	0.65024	0.65024	2.53105
4.54814	0.64048	0.64048	0.64048	2.49305
4.55172	0.60797	0.60797	0.60797	2.36650
4.55887	0.50015	0.50015	0.50015	1.94682
4.56958	0.48116	0.48116	0.48116	1.87292
4.57314	0.52073	0.52073	0.52073	2.02695
4.57670	0.73905	0.73905	0.73905	2.87675
4.58382	0.52521	0.52521	0.52521	2.04438
4.58737	0.63038	0.63038	0.63038	2.45375
4.59092	0.35111	0.35111	0.35111	1.36671
4.59446	1.08577	1.08577	1.08577	4.22634
4.59801	0.51519	0.51519	0.51519	2.00537
4.60155	0.95482	0.95482	0.95482	3.71662
4.60155	0.53896	0.53896	0.53896	2.09789
4.60509	0.38693	0.38693	0.38693	1.50610
4.60862	0.31387	0.31387	0.31387	1.22172
4.60862	0.45377	0.45377	0.45377	1.76630
4.61568	0.62585	0.62585	0.62585	2.43613
4.62274	0.47752	0.47752	0.47752	1.85873
4.62626	0.61658	0.61658	0.61658	2.40001
4.62978	0.52626	0.52626	0.52626	2.04846
4.62978	0.72493	0.72493	0.72493	2.82179
4.63330	0.66438	0.66438	0.66438	2.58610
4.64032	0.58868	0.58868	0.58868	2.29144
4.64383	0.69808	0.69808	0.69808	2.71728
4.64734	0.68306	0.68306	0.68306	2.65879
4.65084	0.47849	0.47849	0.47849	1.86253
4.65084	0.70590	0.70590	0.70590	2.74771
4.65434	0.69169	0.69169	0.69169	2.69240
4.65784	0.55503	0.55503	0.55503	2.16044
4.66133	0.48877	0.48877	0.48877	1.90253
4.66483	0.51213	0.51213	0.51213	1.99348
4.67180	0.64331	0.64331	0.64331	2.50408
4.68225	0.73344	0.73344	0.73344	2.85490
4.68573	0.66191	0.66191	0.66191	2.57649
4.68920	0.61091	0.61091	0.61091	2.37795
4.69615	0.59442	0.59442	0.59442	2.31376
4.69961	0.70742	0.70742	0.70742	2.75364
4.70308	0.50912	0.50912	0.50912	1.98174
4.71000	0.59622	0.59622	0.59622	2.32077
4.71346	0.67199	0.67199	0.67199	2.61570
4.71691	0.73284	0.73284	0.73284	2.85255
4.72036	0.77741	0.77741	0.77741	3.02606
4.72725	0.59748	0.59748	0.59748	2.32567
4.73415	0.57757	0.57757	0.57757	2.24819
4.73758	0.60884	0.60884	0.60884	2.36989
4.74102	0.90949	0.90949	0.90949	3.54016
4.74445	0.72693	0.72693	0.72693	2.82957
4.75132	0.59735	0.59735	0.59735	2.32519
4.76159	0.53246	0.53246	0.53246	2.07258
4.76843	0.52734	0.52734	0.52734	2.05265
4.77184	0.60670	0.60670	0.60670	2.36158
4.77525	0.66207	0.66207	0.66207	2.57711
4.78207	0.71617	0.71617	0.71617	2.78768
4.79228	0.32268	0.32268	0.32268	1.25603
4.79907	0.69223	0.69223	0.69223	2.69448
4.80246	0.75988	0.75988	0.75988	2.95781
4.80246	0.66500	0.66500	0.66500	2.58851
4.80585	0.79101	0.79101	0.79101	3.07899
4.81263	0.69597	0.69597	0.69597	2.70907
4.81601	0.64872	0.64872	0.64872	2.52512
4.81939	0.79640	0.79640	0.79640	3.09999
4.82614	0.64870	0.64870	0.64870	2.52505
4.82952	0.66310	0.66310	0.66310	2.58111
4.82952	0.43876	0.43876	0.43876	1.70786
4.83625	0.54816	0.54816	0.54816	2.13370
4.84299	0.61628	0.61628	0.61628	2.39886
4.84635	0.76533	0.76533	0.76533	2.97905
4.84971	0.66831	0.66831	0.66831	2.60138
4.84971	0.52112	0.52112	0.52112	2.02843
4.85307	0.74594	0.74594	0.74594	2.90357
4.85642	0.47085	0.47085	0.47085	1.83276
4.85978	0.60218	0.60218	0.60218	2.34397
4.86313	0.43180	0.43180	0.43180	1.68077
4.86313	0.53416	0.53416	0.53416	2.07919
4.86647	0.47822	0.47822	0.47822	1.86146
4.87316	0.85956	0.85956	0.85956	3.34582
4.87651	0.76843	0.76843	0.76843	2.99111
4.87984	0.52794	0.52794	0.52794	2.05500
4.89317	0.75117	0.75117	0.75117	2.92392
4.90315	0.57584	0.57584	0.57584	2.24146
4.90647	0.66502	0.66502	0.66502	2.58857
4.91311	0.79325	0.79325	0.79325	3.08770
4.91642	0.70539	0.70539	0.70539	2.74573
4.91973	0.70260	0.70260	0.70260	2.73485
4.92635	0.82054	0.82054	0.82054	3.19393
4.93296	0.79204	0.79204	0.79204	3.08300
4.93626	0.79775	0.79775	0.79775	3.10524
4.94285	0.76516	0.76516	0.76516	2.97835
4.94944	0.60432	0.60432	0.60432	2.35231
4.95273	0.50222	0.50222	0.50222	1.95487
4.95602	0.68423	0.68423	0.68423	2.66335
4.95930	0.73239	0.73239	0.73239	2.85080
4.96587	0.74062	0.74062	0.74062	2.88283
4.96915	0.80266	0.80266	0.80266	3.12433
4.97570	0.76920	0.76920	0.76920	2.99409
4.98551	0.74422	0.74422	0.74422	2.89688
4.99530	0.76006	0.76006	0.76006	2.95851
5.00507	1.04201	1.04201	1.04201	4.05599
5.00833	0.89477	0.89477	0.89477	3.48289
5.01158	1.06037	1.06037	1.06037	4.12747
5.01807	0.75465	0.75465	0.75465	2.93746
5.02132	1.00820	1.00820	1.00820	3.92438
5.02456	0.80914	0.80914	0.80914	3.14955
5.02780	0.76202	0.76202	0.76202	2.96614
5.03104	0.44769	0.44769	0.44769	1.74262
5.03428	0.81247	0.81247	0.81247	3.16251
5.03751	0.79095	0.79095	0.79095	3.07875
5.04074	0.75067	0.75067	0.75067	2.92199
5.04720	0.73954	0.73954	0.73954	2.87864
5.05365	0.90379	0.90379	0.90379	3.51799
5.05687	0.94576	0.94576	0.94576	3.68134
5.06009	0.90138	0.90138	0.90138	3.50861
5.06331	0.87143	0.87143	0.87143	3.39201
5.06974	0.72430	0.72430	0.72430	2.81933
5.07295	0.86908	0.86908	0.86908	3.38288
5.07616	0.90568	0.90568	0.90568	3.52534
5.07937	0.76783	0.76783	0.76783	2.98875
5.08258	0.98631	0.98631	0.98631	3.83919
5.08578	0.87405	0.87405	0.87405	3.40222
5.08898	0.93815	0.93815	0.93815	3.65172
5.09218	0.76810	0.76810	0.76810	2.98983
5.09857	0.80805	0.80805	0.80805	3.14534
5.10496	0.45376	0.45376	0.45376	1.76626
5.10815	1.12912	1.12912	1.12912	4.39510
5.11452	0.92110	0.92110	0.92110	3.58538
5.11771	1.07038	1.07038	1.07038	4.16645
5.12089	0.73793	0.73793	0.73793	2.87236
5.12725	0.80124	0.80124	0.80124	3.11882
5.13042	0.75300	0.75300	0.75300	2.93105
5.13359	0.65649	0.65649	0.65649	2.55539
5.13677	0.53560	0.53560	0.53560	2.08481
5.13994	0.73375	0.73375	0.73375	2.85610
5.14311	0.76627	0.76627	0.76627	2.98269
5.14943	0.93470	0.93470	0.93470	3.63830
5.15576	0.64982	0.64982	0.64982	2.52939
5.15891	0.63124	0.63124	0.63124	2.45708
5.16523	0.85310	0.85310	0.85310	3.32067
5.16838	0.77265	0.77265	0.77265	3.00754
5.17153	1.05704	1.05704	1.05704	4.11449
5.17468	0.68269	0.68269	0.68269	2.65735
5.18097	0.96396	0.96396	0.96396	3.75219
5.18725	0.75970	0.75970	0.75970	2.95711
5.19039	0.72374	0.72374	0.72374	2.81716
5.19979	0.88962	0.88962	0.88962	3.46283
5.20606	0.76614	0.76614	0.76614	2.98217
5.20919	1.06471	1.06471	1.06471	4.14437
5.21231	0.66286	0.66286	0.66286	2.58017
5.21544	0.85799	0.85799	0.85799	3.33971
5.22168	0.91887	0.91887	0.91887	3.57668
5.22480	0.77761	0.77761	0.77761	3.02684
5.22791	0.81502	0.81502	0.81502	3.17246
5.23414	0.90612	0.90612	0.90612	3.52707
5.23725	0.85037	0.85037	0.85037	3.31004
5.24036	0.95078	0.95078	0.95078	3.70091
5.24347	0.74103	0.74103	0.74103	2.88444
5.24967	0.90373	0.90373	0.90373	3.51774
5.25898	0.93154	0.93154	0.93154	3.62599
5.26207	0.75736	0.75736	0.75736	2.94801
5.26517	0.94022	0.94022	0.94022	3.65979
5.26826	0.77037	0.77037	0.77037	2.99865
5.27135	0.80038	0.80038	0.80038	3.11548
5.27753	0.92274	0.92274	0.92274	3.59173
5.28061	0.96702	0.96702	0.96702	3.76410
5.28369	0.46701	0.46701	0.46701	1.81784
5.28678	0.81915	0.81915	0.81915	3.18853
5.28986	0.80036	0.80036	0.80036	3.11537
5.29294	0.60446	0.60446	0.60446	2.35284
5.29908	0.97863	0.97863	0.97863	3.80930
5.30830	0.89500	0.89500	0.89500	3.48379
5.31137	0.85087	0.85087	0.85087	3.31201
5.31443	0.78691	0.78691	0.78691	3.06302
5.31750	0.64155	0.64155	0.64155	2.49723
5.32056	0.90347	0.90347	0.90347	3.51672
5.32362	0.48171	0.48171	0.48171	1.87504
5.32668	0.54644	0.54644	0.54644	2.12700
5.32974	0.62308	0.62308	0.62308	2.42534
5.33279	0.91150	0.91150	0.91150	3.54800
5.33584	0.66298	0.66298	0.66298	2.58062
5.33889	0.71148	0.71148	0.71148	2.76942
5.34195	0.87212	0.87212	0.87212	3.39473
5.34804	0.97439	0.97439	0.97439	3.79280
5.35413	0.61686	0.61686	0.61686	2.40112
5.35717	0.65307	0.65307	0.65307	2.54206
5.36021	0.97641	0.97641	0.97641	3.80065
5.36325	0.63733	0.63733	0.63733	2.48079
5.36628	0.58023	0.58023	0.58023	2.25855
5.36932	0.64182	0.64182	0.64182	2.49828
5.37235	0.89769	0.89769	0.89769	3.49424
5.37841	0.86863	0.86863	0.86863	3.38113
5.38749	0.74903	0.74903	0.74903	2.91559
5.39051	0.61029	0.61029	0.61029	2.37555
5.39956	0.67210	0.67210	0.67210	2.61615
5.40861	0.69572	0.69572	0.69572	2.70806
5.41162	0.67986	0.67986	0.67986	2.64634
5.41463	1.00584	1.00584	1.00584	3.91522
5.41763	0.72316	0.72316	0.72316	2.81489
5.42064	0.59647	0.59647	0.59647	2.32176
5.42364	0.66880	0.66880	0.66880	2.60327
5.42665	0.80531	0.80531	0.80531	3.13466
5.42965	0.74963	0.74963	0.74963	2.91791
5.43265	0.73097	0.73097	0.73097	2.84527
5.43564	0.64567	0.64567	0.64567	2.51328
5.43864	0.73982	0.73982	0.73982	2.87972
5.44462	0.45154	0.45154	0.45154	1.75760
5.45359	0.64360	0.64360	0.64360	2.50520
5.45658	0.58617	0.58617	0.58617	2.28167
5.45956	0.91360	0.91360	0.91360	3.55616
5.46255	0.71016	0.71016	0.71016	2.76429
5.46553	0.78646	0.78646	0.78646	3.06127
5.46851	0.84771	0.84771	0.84771	3.29970
5.47148	0.60618	0.60618	0.60618	2.35955
5.47743	0.68505	0.68505	0.68505	2.66655
5.48041	0.61126	0.61126	0.61126	2.37931
5.48338	0.69431	0.69431	0.69431	2.70260
5.48635	0.64595	0.64595	0.64595	2.51435
5.49228	0.46039	0.46039	0.46039	1.79207
5.49821	0.37382	0.37382	0.37382	1.45510
5.50117	0.68808	0.68808	0.68808	2.67835
5.50709	0.74040	0.74040	0.74040	2.88201
5.51005	0.73264	0.73264	0.73264	2.85180
5.51300	0.61511	0.61511	0.61511	2.39431
5.51596	0.80297	0.80297	0.80297	3.12556
5.51891	0.68002	0.68002	0.68002	2.64697
5.52481	0.70567	0.70567	0.70567	2.74681
5.52776	0.48629	0.48629	0.48629	1.89288
5.53070	0.64009	0.64009	0.64009	2.49156
5.53365	0.58075	0.58075	0.58075	2.26055
5.53953	0.60468	0.60468	0.60468	2.35370
5.54834	0.61227	0.61227	0.61227	2.38326
5.55128	0.50065	0.50065	0.50065	1.94876
5.55421	0.43619	0.43619	0.43619	1.69786
5.55714	0.55241	0.55241	0.55241	2.15025
5.56007	0.62358	0.62358	0.62358	2.42727
5.56300	0.66333	0.66333	0.66333	2.58199
5.56885	0.57489	0.57489	0.57489	2.23775
5.57470	0.57792	0.57792	0.57792	2.24955
5.57762	0.53139	0.53139	0.53139	2.06842
5.58054	0.37510	0.37510	0.37510	1.46007
5.58637	0.71134	0.71134	0.71134	2.76889
5.59512	0.35293	0.35293	0.35293	1.37376
5.59803	0.51552	0.51552	0.51552	2.00664
5.59803	0.72082	0.72082	0.72082	2.80579
5.60093	0.37001	0.37001	0.37001	1.44024
5.60384	0.61064	0.61064	0.61064	2.37692
5.60675	0.56961	0.56961	0.56961	2.21721
5.61255	0.41884	0.41884	0.41884	1.63033
5.61836	0.43800	0.43800	0.43800	1.70492
5.62125	0.55396	0.55396	0.55396	2.15630
5.62415	0.42897	0.42897	0.42897	1.66976
5.62705	0.57457	0.57457	0.57457	2.23649
5.63283	0.56699	0.56699	0.56699	2.20701
5.63861	0.55701	0.55701	0.55701	2.16815
5.64150	0.73118	0.73118	0.73118	2.84611
5.64439	0.35348	0.35348	0.35348	1.37592
5.64727	0.39547	0.39547	0.39547	1.53935
5.65016	0.48972	0.48972	0.48972	1.90623
5.65304	0.66517	0.66517	0.66517	2.58918
5.65592	0.48368	0.48368	0.48368	1.88271
5.65880	0.49662	0.49662	0.49662	1.93310
5.66455	0.72478	0.72478	0.72478	2.82120
5.67030	0.56481	0.56481	0.56481	2.19851
5.67317	0.59581	0.59581	0.59581	2.31920
5.68177	0.58778	0.58778	0.58778	2.28794
5.69037	0.55518	0.55518	0.55518	2.16104
5.69323	0.54236	0.54236	0.54236	2.11114
5.69609	0.53235	0.53235	0.53235	2.07217
5.69895	0.52871	0.52871	0.52871	2.05798
5.70181	0.53309	0.53309	0.53309	2.07506
5.70466	0.72157	0.72157	0.72157	2.80870
5.70752	0.50967	0.50967	0.50967	1.98387
5.71037	0.52768	0.52768	0.52768	2.05400
5.71322	0.46829	0.46829	0.46829	1.82282
5.71607	0.37847	0.37847	0.37847	1.47320
5.71892	0.49155	0.49155	0.49155	1.91337
5.72461	0.37203	0.37203	0.37203	1.44812
5.73314	0.39860	0.39860	0.39860	1.55156
5.73599	0.57176	0.57176	0.57176	2.22556
5.73882	0.45001	0.45001	0.45001	1.75164
5.74166	0.55561	0.55561	0.55561	2.16270
5.74450	0.53115	0.53115	0.53115	2.06750
5.75300	0.39936	0.39936	0.39936	1.55451
5.75866	0.52595	0.52595	0.52595	2.04726
5.75866	0.46466	0.46466	0.46466	1.80868
5.76148	0.47431	0.47431	0.47431	1.84624
5.76431	0.53494	0.53494	0.53494	2.08223
5.76996	0.33834	0.33834	0.33834	1.31698
5.77842	0.45706	0.45706	0.45706	1.77910
5.78124	0.32964	0.32964	0.32964	1.28310
5.78124	0.41148	0.41148	0.41148	1.60167
5.78406	0.41883	0.41883	0.41883	1.63028
5.78687	0.42819	0.42819	0.42819	1.66672
5.78687	0.39487	0.39487	0.39487	1.53704
5.78969	0.63834	0.63834	0.63834	2.48474
5.79250	0.42089	0.42089	0.42089	1.63832
5.79250	0.46666	0.46666	0.46666	1.81646
5.79531	0.50365	0.50365	0.50365	1.96043
5.80093	0.45303	0.45303	0.45303	1.76340
5.80374	0.77027	0.77027	0.77027	2.99826
5.80654	0.45881	0.45881	0.45881	1.78589
5.80935	0.45281	0.45281	0.45281	1.76255
5.81495	0.21596	0.21596	0.21596	0.84063
5.82335	0.53025	0.53025	0.53025	2.06398
5.82614	0.49536	0.49536	0.49536	1.92819
5.82614	0.44941	0.44941	0.44941	1.74933
5.82894	0.34949	0.34949	0.34949	1.36037
5.83173	0.48961	0.48961	0.48961	1.90579
5.83452	0.46719	0.46719	0.46719	1.81853
5.83732	0.41989	0.41989	0.41989	1.63443
5.83732	0.46356	0.46356	0.46356	1.80438
5.84011	0.33775	0.33775	0.33775	1.31468
5.84568	0.45334	0.45334	0.45334	1.76463
5.84847	0.52679	0.52679	0.52679	2.05052
5.85125	0.33810	0.33810	0.33810	1.31606
5.85403	0.43205	0.43205	0.43205	1.68174
5.85959	0.21949	0.21949	0.21949	0.85438
5.86793	0.48016	0.48016	0.48016	1.86901
5.87070	0.41740	0.41740	0.41740	1.62473
5.87348	0.38125	0.38125	0.38125	1.48402
5.87625	0.53348	0.53348	0.53348	2.07656
5.87902	0.39371	0.39371	0.39371	1.53251
5.88179	0.54508	0.54508	0.54508	2.12171
5.88456	0.44543	0.44543	0.44543	1.73381
5.89009	0.57061	0.57061	0.57061	2.22110
5.89286	0.35238	0.35238	0.35238	1.37163
5.89562	0.52401	0.52401	0.52401	2.03970
5.89838	0.39789	0.39789	0.39789	1.54878
5.90390	0.42280	0.42280	0.42280	1.64574
5.90942	0.43842	0.43842	0.43842	1.70652
5.91217	0.53532	0.53532	0.53532	2.08371
5.91768	0.46221	0.46221	0.46221	1.79913
5.92043	0.36958	0.36958	0.36958	1.43858
5.92318	0.49802	0.49802	0.49802	1.93853
5.92593	0.49802	0.49802	0.49802	1.93852
5.93143	0.48417	0.48417	0.48417	1.88463
5.93692	0.46255	0.46255	0.46255	1.80047
5.93966	0.44925	0.44925	0.44925	1.74870
5.94240	0.44773	0.44773	0.44773	1.74277
5.94240	0.34620	0.34620	0.34620	1.34758
5.94788	0.30289	0.30289	0.30289	1.17901
5.95609	0.54971	0.54971	0.54971	2.13973
5.95883	0.39844	0.39844	0.39844	1.55092
5.96156	0.43955	0.43955	0.43955	1.71093
5.96429	0.37865	0.37865	0.37865	1.47389
5.96702	0.34250	0.34250	0.34250	1.33318
5.96975	0.33978	0.33978	0.33978	1.32257
5.97248	0.47795	0.47795	0.47795	1.86039
5.97793	0.41055	0.41055	0.41055	1.59806
5.98337	0.41750	0.41750	0.41750	1.62510
5.98610	0.47155	0.47155	0.47155	1.83551
5.99153	0.45884	0.45884	0.45884	1.78602
5.99969	0.29117	0.29117	0.29117	1.13338
6.00240	0.34835	0.34835	0.34835	1.35596
6.00511	0.28255	0.28255	0.28255	1.09984
6.00782	0.44414	0.44414	0.44414	1.72879
6.01053	0.39230	0.39230	0.39230	1.52704
6.01324	0.44570	0.44570	0.44570	1.73487
6.01595	0.51010	0.51010	0.51010	1.98556
6.02136	0.41829	0.41829	0.41829	1.62817
6.02407	0.41550	0.41550	0.41550	1.61734
6.02407	0.32668	0.32668	0.32668	1.27160
6.02677	0.31712	0.31712	0.31712	1.23439
6.02947	0.39979	0.39979	0.39979	1.55616
6.03487	0.14799	0.14799	0.14799	0.57606
6.04297	0.40432	0.40432	0.40432	1.57379
6.04566	0.37654	0.37654	0.37654	1.46568
6.04835	0.43644	0.43644	0.43644	1.69883
6.05105	0.44427	0.44427	0.44427	1.72932
6.05374	0.34521	0.34521	0.34521	1.34374
6.05643	0.49978	0.49978	0.49978	1.94538
6.05912	0.39842	0.39842	0.39842	1.55083
6.06449	0.38501	0.38501	0.38501	1.49864
6.06718	0.36992	0.36992	0.36992	1.43991
6.06986	0.44526	0.44526	0.44526	1.73317
6.07254	0.37211	0.37211	0.37211	1.44843
6.07790	0.42329	0.42329	0.42329	1.64765
6.08594	0.40347	0.40347	0.40347	1.57049
6.08862	0.36172	0.36172	0.36172	1.40798
6.08862	0.37963	0.37963	0.37963	1.47769
6.09129	0.47366	0.47366	0.47366	1.84371
6.09396	0.34350	0.34350	0.34350	1.33706
6.09663	0.40170	0.40170	0.40170	1.56362
6.09931	0.38868	0.38868	0.38868	1.51292
6.10464	0.28434	0.28434	0.28434	1.10679
6.10998	0.44654	0.44654	0.44654	1.73815
6.11264	0.32204	0.32204	0.32204	1.25354
6.11531	0.54910	0.54910	0.54910	2.13737
6.12063	0.35309	0.35309	0.35309	1.37440
6.12861	0.40224	0.40224	0.40224	1.56570
6.13392	0.52657	0.52657	0.52657	2.04968
6.13658	0.32753	0.32753	0.32753	1.27491
6.13923	0.41988	0.41988	0.41988	1.63437
6.14188	0.38313	0.38313	0.38313	1.49132
6.14454	0.41924	0.41924	0.41924	1.63187
6.14983	0.38590	0.38590	0.38590	1.50211
6.15248	0.41373	0.41373	0.41373	1.61043
6.15513	0.34137	0.34137	0.34137	1.32879
6.15778	0.30026	0.30026	0.30026	1.16875
6.16306	0.41256	0.41256	0.41256	1.60588
6.16835	0.41134	0.41134	0.41134	1.60114
6.17099	0.32510	0.32510	0.32510	1.26543
6.17626	0.38550	0.38550	0.38550	1.50056
6.17890	0.54143	0.54143	0.54143	2.10751
6.17890	0.28177	0.28177	0.28177	1.09678
6.18154	0.25009	0.25009	0.25009	0.97347
6.18417	0.36347	0.36347	0.36347	1.41480
6.18680	0.27987	0.27987	0.27987	1.08941
6.19207	0.34129	0.34129	0.34129	1.32848
6.19732	0.42718	0.42718	0.42718	1.66281
6.19995	0.48395	0.48395	0.48395	1.88377
6.19995	0.39620	0.39620	0.39620	1.54221
6.20782	0.28374	0.28374	0.28374	1.10445
6.21570	0.50968	0.50968	0.50968	1.98390
6.21831	0.39627	0.39627	0.39627	1.54248
6.22093	0.35014	0.35014	0.35014	1.36292
6.22355	0.33686	0.33686	0.33686	1.31121
6.22878	0.35591	0.35591	0.35591	1.38538
6.23140	0.37800	0.37800	0.37800	1.47138
6.23401	0.37335	0.37335	0.37335	1.45326
6.23923	0.38664	0.38664	0.38664	1.50499
6.24706	0.39065	0.39065	0.39065	1.52058
6.25488	0.33684	0.33684	0.33684	1.31113
6.25748	0.45860	0.45860	0.45860	1.78511
6.26008	0.42479	0.42479	0.42479	1.65349
6.26529	0.39398	0.39398	0.39398	1.53356
6.27308	0.32874	0.32874	0.32874	1.27961
6.27827	0.41956	0.41956	0.41956	1.63315
6.27827	0.33178	0.33178	0.33178	1.29145
6.28086	0.27216	0.27216	0.27216	1.05938
6.28346	0.39301	0.39301	0.39301	1.52980
6.28864	0.21067	0.21067	0.21067	0.82002
6.29640	0.25649	0.25649	0.25649	0.99836
6.29899	0.36469	0.36469	0.36469	1.41954
6.30158	0.35515	0.35515	0.35515	1.38241
6.30416	0.38240	0.38240	0.38240	1.48849
6.30674	0.30477	0.30477	0.30477	1.18629
6.30933	0.37636	0.37636	0.37636	1.46498
6.30933	0.28125	0.28125	0.28125	1.09475
6.31191	0.39301	0.39301	0.39301	1.52979
6.31707	0.38992	0.38992	0.38992	1.51778
6.32222	0.46840	0.46840	0.46840	1.82325
6.32480	0.33719	0.33719	0.33719	1.31250
6.32480	0.38542	0.38542	0.38542	1.50025
6.32994	0.36073	0.36073	0.36073	1.40415
6.33766	0.33629	0.33629	0.33629	1.30899
6.34023	0.30937	0.30937	0.30937	1.20420
6.34280	0.38842	0.38842	0.38842	1.51192
6.34793	0.36575	0.36575	0.36575	1.42366
6.35050	0.45003	0.45003	0.45003	1.75173
6.35306	0.60668	0.60668	0.60668	2.36151
6.35819	0.33396	0.33396	0.33396	1.29992
6.36075	0.46003	0.46003	0.46003	1.79064
6.36331	0.34846	0.34846	0.34846	1.35638
6.36587	0.32222	0.32222	0.32222	1.25423
6.37353	0.43320	0.43320	0.43320	1.68622
6.38120	0.33258	0.33258	0.33258	1.29455
6.38375	0.32403	0.32403	0.32403	1.26129
6.38630	0.43949	0.43949	0.43949	1.71069
6.38630	0.32773	0.32773	0.32773	1.27569
6.38885	0.26663	0.26663	0.26663	1.03785
6.39140	0.31130	0.31130	0.31130	1.21175
6.39395	0.24577	0.24577	0.24577	0.95664
6.39904	0.16183	0.16183	0.16183	0.62993
6.40159	0.32450	0.32450	0.32450	1.26312
6.40413	0.34706	0.34706	0.34706	1.35093
6.40667	0.30298	0.30298	0.30298	1.17933
6.40667	0.27495	0.27495	0.27495	1.07023
6.41176	0.57699	0.57699	0.57699	2.24591
6.41937	0.36754	0.36754	0.36754	1.43064
6.42191	0.06604	0.06604	0.06604	0.25704
6.42445	0.33365	0.33365	0.33365	1.29871
6.42951	0.45960	0.45960	0.45960	1.78898
6.43205	0.38650	0.38650	0.38650	1.50445
6.43711	0.47810	0.47810	0.47810	1.86101
6.44470	0.35241	0.35241	0.35241	1.37175
6.44722	0.25700	0.25700	0.25700	1.00035
6.44722	0.32500	0.32500	0.32500	1.26504
6.45479	0.41938	0.41938	0.41938	1.63244
6.46488	0.36309	0.36309	0.36309	1.41333
6.46740	0.19391	0.19391	0.19391	0.75481
6.46992	0.33937	0.33937	0.33937	1.32097
6.47495	0.40032	0.40032	0.40032	1.55825
6.47747	0.32027	0.32027	0.32027	1.24663
6.47998	0.30739	0.30739	0.30739	1.19652
6.48250	0.26250	0.26250	0.26250	1.02179
6.48501	0.35389	0.35389	0.35389	1.37752
6.48752	0.37866	0.37866	0.37866	1.47391
6.49254	0.36677	0.36677	0.36677	1.42766
6.49755	0.15332	0.15332	0.15332	0.59681
6.50006	0.32534	0.32534	0.32534	1.26637
6.50257	0.52103	0.52103	0.52103	2.02811
6.50257	0.39968	0.39968	0.39968	1.55576
6.50507	0.34801	0.34801	0.34801	1.35461
6.51008	0.35617	0.35617	0.35617	1.38638
6.51258	0.38614	0.38614	0.38614	1.50303
6.51258	0.35170	0.35170	0.35170	1.36900
6.51508	0.23478	0.23478	0.23478	0.91387
6.52008	0.53172	0.53172	0.53172	2.06971
6.52257	0.24555	0.24555	0.24555	0.95580
6.52507	0.41284	0.41284	0.41284	1.60699
6.53255	0.32641	0.32641	0.32641	1.27056
6.54003	0.30260	0.30260	0.30260	1.17785
6.54252	0.31968	0.31968	0.31968	1.24433
6.54252	0.23345	0.23345	0.23345	0.90868
6.54501	0.35772	0.35772	0.35772	1.39241
6.54998	0.31434	0.31434	0.31434	1.22356
6.55247	0.44677	0.44677	0.44677	1.73904
6.55496	0.36862	0.36862	0.36862	1.43485
6.55992	0.47168	0.47168	0.47168	1.83599
6.56489	0.46038	0.46038	0.46038	1.79203
6.56737	0.36843	0.36843	0.36843	1.43409
6.57232	0.37802	0.37802	0.37802	1.47143
6.57728	0.44924	0.44924	0.44924	1.74867
6.57976	0.28745	0.28745	0.28745	1.11888
6.58223	0.32145	0.32145	0.32145	1.25124
6.58471	0.36775	0.36775	0.36775	1.43146
6.58718	0.39882	0.39882	0.39882	1.55241
6.58965	0.33258	0.33258	0.33258	1.29457
6.59212	0.29874	0.29874	0.29874	1.16283
6.59212	0.37263	0.37263	0.37263	1.45045
6.59706	0.20668	0.20668	0.20668	0.80448
6.60447	0.34331	0.34331	0.34331	1.33631
6.61186	0.31246	0.31246	0.31246	1.21623
6.61925	0.35691	0.35691	0.35691	1.38927
6.62171	0.29937	0.29937	0.29937	1.16530
6.62417	0.38213	0.38213	0.38213	1.48745
6.62662	0.46376	0.46376	0.46376	1.80516
6.62908	0.37978	0.37978	0.37978	1.47830
6.63154	0.27903	0.27903	0.27903	1.08612
6.63645	0.34027	0.34027	0.34027	1.32450
6.64136	0.27636	0.27636	0.27636	1.07571
6.64136	0.24400	0.24400	0.24400	0.94976
6.64381	0.34479	0.34479	0.34479	1.34208
6.64626	0.33593	0.33593	0.33593	1.30759
6.65116	0.47981	0.47981	0.47981	1.86765
6.65850	0.26436	0.26436	0.26436	1.02902
6.66339	0.28565	0.28565	0.28565	1.11189
6.66584	0.35211	0.35211	0.35211	1.37059
6.66828	0.40790	0.40790	0.40790	1.58773
6.67316	0.36248	0.36248	0.36248	1.41094
6.67560	0.16513	0.16513	0.16513	0.64278
6.67804	0.28461	0.28461	0.28461	1.10785
6.68292	0.31646	0.31646	0.31646	1.23181
6.68535	0.37766	0.37766	0.37766	1.47004
6.69022	0.31588	0.31588	0.31588	1.22954
6.69752	0.56478	0.56478	0.56478	2.19840
6.70239	0.30092	0.30092	0.30092	1.17134
6.70725	0.40229	0.40229	0.40229	1.56589
6.70967	0.30233	0.30233	0.30233	1.17681
6.71210	0.26212	0.26212	0.26212	1.02030
6.71695	0.35837	0.35837	0.35837	1.39495
6.71938	0.41712	0.41712	0.41712	1.62363
6.72180	0.42794	0.42794	0.42794	1.66575
6.72422	0.39816	0.39816	0.39816	1.54981
6.72906	0.29713	0.29713	0.29713	1.15656
6.73632	0.35048	0.35048	0.35048	1.36424
6.74116	0.32548	0.32548	0.32548	1.26691
6.74357	0.42997	0.42997	0.42997	1.67364
6.74357	0.29840	0.29840	0.29840	1.16152
6.74599	0.42709	0.42709	0.42709	1.66243
6.74840	0.40031	0.40031	0.40031	1.55818
6.75323	0.28857	0.28857	0.28857	1.12325
6.75805	0.32540	0.32540	0.32540	1.26661
6.76046	0.40731	0.40731	0.40731	1.58546
6.76287	0.31699	0.31699	0.31699	1.23386
6.77009	0.32074	0.32074	0.32074	1.24846
6.77730	0.35067	0.35067	0.35067	1.36499
6.77971	0.31667	0.31667	0.31667	1.23263
6.78211	0.34673	0.34673	0.34673	1.34966
6.78451	0.41447	0.41447	0.41447	1.61333
6.78931	0.29844	0.29844	0.29844	1.16169
6.79411	0.25942	0.25942	0.25942	1.00978
6.79890	0.33122	0.33122	0.33122	1.28926
6.80608	0.36604	0.36604	0.36604	1.42480
6.81326	0.44717	0.44717	0.44717	1.74061
6.81804	0.37563	0.37563	0.37563	1.46214
6.82281	0.30633	0.30633	0.30633	1.19239
6.82759	0.45096	0.45096	0.45096	1.75535
6.82997	0.52527	0.52527	0.52527	2.04461
6.83236	0.46997	0.46997	0.46997	1.82935
6.83474	0.27204	0.27204	0.27204	1.05891
6.83712	0.34122	0.34122	0.34122	1.32820
6.83950	0.23932	0.23932	0.23932	0.93156
6.84426	0.36227	0.36227	0.36227	1.41011
6.84902	0.24639	0.24639	0.24639	0.95908
6.85140	0.37709	0.37709	0.37709	1.46783
6.85615	0.38459	0.38459	0.38459	1.49700
6.85853	0.39286	0.39286	0.39286	1.52920
6.86090	0.37027	0.37027	0.37027	1.44127
6.86565	0.42505	0.42505	0.42505	1.65452
6.87039	0.39149	0.39149	0.39149	1.52388
6.87276	0.33851	0.33851	0.33851	1.31765
6.87513	0.35074	0.35074	0.35074	1.36525
6.87750	0.32448	0.32448	0.32448	1.26302
6.88223	0.39500	0.39500	0.39500	1.53752
6.88697	0.21262	0.21262	0.21262	0.82760
6.88933	0.38980	0.38980	0.38980	1.51729
6.89170	0.33079	0.33079	0.33079	1.28760
6.89406	0.38250	0.38250	0.38250	1.48889
6.89642	0.41367	0.41367	0.41367	1.61022
6.89878	0.31504	0.31504	0.31504	1.22630
6.90114	0.22603	0.22603	0.22603	0.87983
6.90586	0.36936	0.36936	0.36936	1.43773
6.91293	0.34184	0.34184	0.34184	1.33060
6.91529	0.34152	0.34152	0.34152	1.32935
6.92235	0.35913	0.35913	0.35913	1.39790
6.92941	0.34910	0.34910	0.34910	1.35887
6.93176	0.30067	0.30067	0.30067	1.17036
6.93646	0.31853	0.31853	0.31853	1.23988
6.93880	0.39049	0.39049	0.39049	1.51998
6.94115	0.31055	0.31055	0.31055	1.20882
6.94350	0.31561	0.31561	0.31561	1.22850
6.94584	0.47197	0.47197	0.47197	1.83713
6.94819	0.27835	0.27835	0.27835	1.08348
6.95521	0.21050	0.21050	0.21050	0.81938
6.96458	0.39842	0.39842	0.39842	1.55086
6.96925	0.31288	0.31288	0.31288	1.21787
6.97159	0.33639	0.33639	0.33639	1.30940
6.97159	0.65690	0.65690	0.65690	2.55697
6.97392	0.35451	0.35451	0.35451	1.37991
6.97859	0.42663	0.42663	0.42663	1.66065
6.98326	0.60308	0.60308	0.60308	2.34748
6.98559	0.24550	0.24550	0.24550	0.95560
6.98792	0.33027	0.33027	0.33027	1.28557
6.99724	0.30158	0.30158	0.30158	1.17390
7.00422	0.26610	0.26610	0.26610	1.03580
7.00655	0.40474	0.40474	0.40474	1.57544
7.00887	0.45439	0.45439	0.45439	1.76870
7.01119	0.24069	0.24069	0.24069	0.93690
7.01352	0.36606	0.36606	0.36606	1.42489
7.01352	0.37653	0.37653	0.37653	1.46564
7.01584	0.31513	0.31513	0.31513	1.22666
7.01816	0.39466	0.39466	0.39466	1.53621
7.02048	0.26339	0.26339	0.26339	1.02522
7.02512	0.33624	0.33624	0.33624	1.30881
7.02744	0.29490	0.29490	0.29490	1.14788
7.03207	0.32608	0.32608	0.32608	1.26925
7.03902	0.37680	0.37680	0.37680	1.46671
7.04133	0.36325	0.36325	0.36325	1.41396
7.04364	0.31976	0.31976	0.31976	1.24466
7.04596	0.09996	0.09996	0.09996	0.38911
7.04827	0.36787	0.36787	0.36787	1.43192
7.05058	0.29787	0.29787	0.29787	1.15946
7.05519	0.25511	0.25511	0.25511	0.99302
7.05981	0.23687	0.23687	0.23687	0.92202
7.06212	0.38593	0.38593	0.38593	1.50224
7.06442	0.33717	0.33717	0.33717	1.31244
7.06903	0.31216	0.31216	0.31216	1.21510
7.07594	0.29655	0.29655	0.29655	1.15430
7.07824	0.35146	0.35146	0.35146	1.36806
7.07824	0.28924	0.28924	0.28924	1.12588
7.08054	0.38924	0.38924	0.38924	1.51512
7.08285	0.41072	0.41072	0.41072	1.59872
7.08514	0.35368	0.35368	0.35368	1.37670
7.08744	0.39063	0.39063	0.39063	1.52052
7.08974	0.25603	0.25603	0.25603	0.99661
7.09433	0.30684	0.30684	0.30684	1.19436
7.09663	0.38108	0.38108	0.38108	1.48333
7.09892	0.25105	0.25105	0.25105	0.97719
7.10122	0.33196	0.33196	0.33196	1.29213
7.10580	0.33536	0.33536	0.33536	1.30538
7.11039	0.34946	0.34946	0.34946	1.36028
7.11268	0.39788	0.39788	0.39788	1.54873
7.11497	0.37739	0.37739	0.37739	1.46899
7.11726	0.45463	0.45463	0.45463	1.76966
7.12183	0.24509	0.24509	0.24509	0.95400
7.12412	0.34714	0.34714	0.34714	1.35123
7.12640	0.39745	0.39745	0.39745	1.54705
7.13097	0.41969	0.41969	0.41969	1.63362
7.13326	0.37065	0.37065	0.37065	1.44277
7.13554	0.32679	0.32679	0.32679	1.27202
7.13782	0.30119	0.30119	0.30119	1.17238
7.13782	0.31644	0.31644	0.31644	1.23174
7.14466	0.36164	0.36164	0.36164	1.40768
7.15378	0.46769	0.46769	0.46769	1.82047
7.15605	0.36625	0.36625	0.36625	1.42561
7.15833	0.44648	0.44648	0.44648	1.73792
7.16288	0.27159	0.27159	0.27159	1.05717
7.16743	0.46357	0.46357	0.46357	1.80446
7.16970	0.34347	0.34347	0.34347	1.33693
7.17197	0.25929	0.25929	0.25929	1.00928
7.17424	0.52762	0.52762	0.52762	2.05376
7.17878	0.34092	0.34092	0.34092	1.32703
7.18332	0.47165	0.47165	0.47165	1.83587
7.18785	0.20569	0.20569	0.20569	0.80066
7.19238	0.47164	0.47164	0.47164	1.83585
7.19917	0.35768	0.35768	0.35768	1.39227
7.20596	0.36665	0.36665	0.36665	1.42720
7.20821	0.32695	0.32695	0.32695	1.27266
7.21047	0.40883	0.40883	0.40883	1.59135
7.21499	0.40309	0.40309	0.40309	1.56901
7.22176	0.37051	0.37051	0.37051	1.44218
7.22402	0.41139	0.41139	0.41139	1.60133
7.22627	0.44722	0.44722	0.44722	1.74081
7.23078	0.38637	0.38637	0.38637	1.50395
7.23303	0.36733	0.36733	0.36733	1.42982
7.23528	0.41207	0.41207	0.41207	1.60398
7.23753	0.39905	0.39905	0.39905	1.55330
7.23978	0.65277	0.65277	0.65277	2.54088
7.24428	0.46488	0.46488	0.46488	1.80955
7.24653	0.33898	0.33898	0.33898	1.31948
7.25102	0.48813	0.48813	0.48813	1.90003
7.25776	0.41441	0.41441	0.41441	1.61310
7.26000	0.38143	0.38143	0.38143	1.48472
7.26224	0.67171	0.67171	0.67171	2.61464
7.26449	0.40040	0.40040	0.40040	1.55854
7.26673	0.30593	0.30593	0.30593	1.19081
7.26897	0.33680	0.33680	0.33680	1.31099
7.27121	0.35168	0.35168	0.35168	1.36890
7.27569	0.34920	0.34920	0.34920	1.35924
7.27793	0.45939	0.45939	0.45939	1.78816
7.28016	0.25629	0.25629	0.25629	0.99760
7.28240	0.64401	0.64401	0.64401	2.50680
7.28687	0.29345	0.29345	0.29345	1.14225
7.29358	0.34805	0.34805	0.34805	1.35478
7.29581	0.36921	0.36921	0.36921	1.43715
7.29804	0.31574	0.31574	0.31574	1.22903
7.30027	0.38388	0.38388	0.38388	1.49424
7.30250	0.40833	0.40833	0.40833	1.58944
7.30473	0.44038	0.44038	0.44038	1.71416
7.30919	0.35446	0.35446	0.35446	1.37972
7.31365	0.42533	0.42533	0.42533	1.65560
7.31587	0.49390	0.49390	0.49390	1.92250
7.31810	0.37059	0.37059	0.37059	1.44250
7.32255	0.47232	0.47232	0.47232	1.83850
7.32700	0.59390	0.59390	0.59390	2.31173
7.32922	0.46866	0.46866	0.46866	1.82424
7.33588	0.46150	0.46150	0.46150	1.79637
7.34476	0.40359	0.40359	0.40359	1.57097
7.34919	0.40186	0.40186	0.40186	1.56425
7.35141	0.53866	0.53866	0.53866	2.09671
7.35362	0.47467	0.47467	0.47467	1.84764
7.36026	0.44059	0.44059	0.44059	1.71498
7.36690	0.38545	0.38545	0.38545	1.50036
7.36911	0.56600	0.56600	0.56600	2.20316
7.37132	0.40747	0.40747	0.40747	1.58606
7.37353	0.49498	0.49498	0.49498	1.92670
7.37574	0.56025	0.56025	0.56025	2.18077
7.37795	0.47675	0.47675	0.47675	1.85573
7.38236	0.60888	0.60888	0.60888	2.37007
7.38677	0.40941	0.40941	0.40941	1.59362
7.39338	0.41148	0.41148	0.41148	1.60168
7.39999	0.34180	0.34180	0.34180	1.33046
7.40219	0.35193	0.35193	0.35193	1.36988
7.40439	0.42846	0.42846	0.42846	1.66777
7.40659	0.47050	0.47050	0.47050	1.83140
7.40879	0.50295	0.50295	0.50295	1.95772
7.41099	0.57531	0.57531	0.57531	2.23938
7.41099	0.43002	0.43002	0.43002	1.67385
7.41319	0.22403	0.22403	0.22403	0.87205
7.41758	0.35811	0.35811	0.35811	1.39395
7.42197	0.52096	0.52096	0.52096	2.02784
7.42416	0.67843	0.67843	0.67843	2.64079
7.42416	0.48163	0.48163	0.48163	1.87473
7.43074	0.63457	0.63457	0.63457	2.47006
7.43951	0.49883	0.49883	0.49883	1.94169
7.44169	0.40802	0.40802	0.40802	1.58822
7.44388	0.39350	0.39350	0.39350	1.53169
7.44607	0.35888	0.35888	0.35888	1.39694
7.44826	0.34417	0.34417	0.34417	1.33967
7.45263	0.43714	0.43714	0.43714	1.70158
7.45482	0.59885	0.59885	0.59885	2.33101
7.45700	0.45700	0.45700	0.45700	1.77885
7.45918	0.38100	0.38100	0.38100	1.48304
7.46573	0.43250	0.43250	0.43250	1.68350
7.47227	0.46119	0.46119	0.46119	1.79519
7.47445	0.30006	0.30006	0.30006	1.16798
7.47663	0.31351	0.31351	0.31351	1.22032
7.48316	0.35928	0.35928	0.35928	1.39849
7.49187	0.43628	0.43628	0.43628	1.69822
7.49838	0.52776	0.52776	0.52776	2.05430
7.50273	0.56862	0.56862	0.56862	2.21335
7.50490	0.33503	0.33503	0.33503	1.30410
7.50924	0.58277	0.58277	0.58277	2.26843
7.51141	0.59243	0.59243	0.59243	2.30601
7.51358	0.49147	0.49147	0.49147	1.91303
7.51574	0.66019	0.66019	0.66019	2.56979
7.51574	0.83364	0.83364	0.83364	3.24491
7.51791	0.32669	0.32669	0.32669	1.27162
7.52224	0.35943	0.35943	0.35943	1.39906
7.52441	0.49236	0.49236	0.49236	1.91652
7.52657	0.44557	0.44557	0.44557	1.73438
7.53306	0.54598	0.54598	0.54598	2.12522
7.53954	0.74257	0.74257	0.74257	2.89045
7.54170	0.62769	0.62769	0.62769	2.44328
7.54386	0.41093	0.41093	0.41093	1.59954
7.54818	0.54793	0.54793	0.54793	2.13282
7.55249	0.57866	0.57866	0.57866	2.25243
7.55681	0.53654	0.53654	0.53654	2.08846
7.56112	0.36748	0.36748	0.36748	1.43042
7.56327	0.69181	0.69181	0.69181	2.69286
7.56973	0.56518	0.56518	0.56518	2.19996
7.57833	0.63656	0.63656	0.63656	2.47780
7.58048	0.72472	0.72472	0.72472	2.82095
7.58048	0.36664	0.36664	0.36664	1.42716
7.58263	0.44584	0.44584	0.44584	1.73542
7.58478	0.48181	0.48181	0.48181	1.87546
7.58692	0.57284	0.57284	0.57284	2.22979
7.59121	0.63030	0.63030	0.63030	2.45342
7.59550	0.62234	0.62234	0.62234	2.42245
7.60193	0.54407	0.54407	0.54407	2.11778
7.60836	0.53345	0.53345	0.53345	2.07644
7.61264	0.65759	0.65759	0.65759	2.55966
7.61692	0.53548	0.53548	0.53548	2.08437
7.61906	0.30386	0.30386	0.30386	1.18279
7.62333	0.53829	0.53829	0.53829	2.09530
7.62760	0.56307	0.56307	0.56307	2.19173
7.62974	0.57712	0.57712	0.57712	2.24644
7.63187	0.57347	0.57347	0.57347	2.23221
7.64040	0.70698	0.70698	0.70698	2.75191
7.64893	0.63246	0.63246	0.63246	2.46183
7.65106	0.62032	0.62032	0.62032	2.41457
7.65319	0.53137	0.53137	0.53137	2.06834
7.65531	0.68613	0.68613	0.68613	2.67074
7.66169	0.51858	0.51858	0.51858	2.01855
7.66594	0.24753	0.24753	0.24753	0.96349
7.67019	0.45255	0.45255	0.45255	1.76154
7.67656	0.45040	0.45040	0.45040	1.75319
7.67868	0.32273	0.32273	0.32273	1.25624
7.68080	0.48609	0.48609	0.48609	1.89211
7.68292	0.49521	0.49521	0.49521	1.92760
7.68504	0.55216	0.55216	0.55216	2.14925
7.68928	0.37996	0.37996	0.37996	1.47898
7.69352	0.63561	0.63561	0.63561	2.47410
7.69563	0.61174	0.61174	0.61174	2.38117
7.69775	0.62818	0.62818	0.62818	2.44518
7.70409	0.72041	0.72041	0.72041	2.80419
7.71254	0.46396	0.46396	0.46396	1.80597
7.71888	0.58686	0.58686	0.58686	2.28434
7.72521	0.42991	0.42991	0.42991	1.67341
7.72942	0.45168	0.45168	0.45168	1.75816
7.73153	0.57905	0.57905	0.57905	2.25394
7.73364	0.65888	0.65888	0.65888	2.56466
7.73364	0.76620	0.76620	0.76620	2.98242
7.73785	0.66573	0.66573	0.66573	2.59136
7.74206	0.49842	0.49842	0.49842	1.94011
7.74416	0.63767	0.63767	0.63767	2.48213
7.74836	0.61720	0.61720	0.61720	2.40244
7.75257	0.58851	0.58851	0.58851	2.29076
7.75467	0.62644	0.62644	0.62644	2.43841
7.75887	0.58725	0.58725	0.58725	2.28588
7.76516	0.50975	0.50975	0.50975	1.98418
7.76726	0.56031	0.56031	0.56031	2.18099
7.77355	0.62803	0.62803	0.62803	2.44458
7.77983	0.53495	0.53495	0.53495	2.08229
7.78193	0.56985	0.56985	0.56985	2.21811
7.78402	0.58955	0.58955	0.58955	2.29481
7.78611	0.52679	0.52679	0.52679	2.05053
7.79238	0.49668	0.49668	0.49668	1.93331
7.79865	0.80976	0.80976	0.80976	3.15199
7.80074	0.55331	0.55331	0.55331	2.15375
7.80074	0.53816	0.53816	0.53816	2.09479
7.80491	0.70359	0.70359	0.70359	2.73872
7.81117	0.48240	0.48240	0.48240	1.87775
7.81534	0.59447	0.59447	0.59447	2.31395
7.81743	0.79205	0.79205	0.79205	3.08303
7.81951	0.49173	0.49173	0.49173	1.91406
7.82576	0.49381	0.49381	0.49381	1.92215
7.83200	0.66729	0.66729	0.66729	2.59741
7.83823	0.69733	0.69733	0.69733	2.71436
7.84447	0.65433	0.65433	0.65433	2.54697
7.84654	0.54888	0.54888	0.54888	2.13651
7.84862	0.64136	0.64136	0.64136	2.49647
7.85069	0.43116	0.43116	0.43116	1.67827
7.85277	0.63023	0.63023	0.63023	2.45317
7.85691	0.69260	0.69260	0.69260	2.69595
7.86106	0.55438	0.55438	0.55438	2.15790
7.86313	0.44053	0.44053	0.44053	1.71476
7.86520	0.43553	0.43553	0.43553	1.69530
7.86727	0.61879	0.61879	0.61879	2.40865
7.87141	0.46529	0.46529	0.46529	1.81112
7.87762	0.47934	0.47934	0.47934	1.86581
7.88175	0.46501	0.46501	0.46501	1.81004
7.88588	0.64692	0.64692	0.64692	2.51811
7.89208	0.58527	0.58527	0.58527	2.27817
7.90445	0.65485	0.65485	0.65485	2.54899
7.91475	0.61390	0.61390	0.61390	2.38958
7.91886	0.59536	0.59536	0.59536	2.31744
7.92503	0.67108	0.67108	0.67108	2.61216
7.93119	0.52575	0.52575	0.52575	2.04647
7.93735	0.58444	0.58444	0.58444	2.27494
7.94351	0.21463	0.21463	0.21463	0.83546
7.94761	0.68662	0.68662	0.68662	2.67264
7.95170	0.45733	0.45733	0.45733	1.78014
7.95375	0.67585	0.67585	0.67585	2.63072
7.95580	0.64950	0.64950	0.64950	2.52818
7.95785	0.50850	0.50850	0.50850	1.97933
7.96194	0.61305	0.61305	0.61305	2.38629
7.97216	0.68121	0.68121	0.68121	2.65161
7.97829	0.41859	0.41859	0.41859	1.62936
7.98033	0.52558	0.52558	0.52558	2.04581
7.98441	0.58295	0.58295	0.58295	2.26911
7.98645	0.40151	0.40151	0.40151	1.56287
7.98849	0.53248	0.53248	0.53248	2.07268
7.99256	0.63047	0.63047	0.63047	2.45411
7.99460	0.71582	0.71582	0.71582	2.78632
7.99664	0.73338	0.73338	0.73338	2.85465
8.00275	0.68860	0.68860	0.68860	2.68037
8.00885	0.57107	0.57107	0.57107	2.22289
8.01292	0.94847	0.94847	0.94847	3.69192
8.01495	0.53000	0.53000	0.53000	2.06300
8.01698	0.64386	0.64386	0.64386	2.50621
8.01901	0.92491	0.92491	0.92491	3.60020
8.02307	0.61846	0.61846	0.61846	2.40735
8.02713	0.51719	0.51719	0.51719	2.01316
8.02916	0.57553	0.57553	0.57553	2.24026
8.03119	0.57869	0.57869	0.57869	2.25254
8.03727	0.57250	0.57250	0.57250	2.22843
8.04335	0.58521	0.58521	0.58521	2.27793
8.04740	0.68299	0.68299	0.68299	2.65851
8.05347	0.73967	0.73967	0.73967	2.87915
8.05751	0.40677	0.40677	0.40677	1.58334
8.06156	0.46158	0.46158	0.46158	1.79671
8.07366	0.50536	0.50536	0.50536	1.96711
8.08576	0.74808	0.74808	0.74808	2.91187
8.08979	0.72898	0.72898	0.72898	2.83756
8.09382	0.44812	0.44812	0.44812	1.74428
8.10186	0.75143	0.75143	0.75143	2.92493
8.10990	0.78383	0.78383	0.78383	3.05103
8.11191	0.62154	0.62154	0.62154	2.41934
8.11392	0.49696	0.49696	0.49696	1.93442
8.11994	0.62311	0.62311	0.62311	2.42546
8.12395	0.78536	0.78536	0.78536	3.05701
8.12595	0.38152	0.38152	0.38152	1.48507
8.12796	0.59839	0.59839	0.59839	2.32921
8.13396	0.56246	0.56246	0.56246	2.18938
8.13997	0.50586	0.50586	0.50586	1.96906
8.14397	0.39205	0.39205	0.39205	1.52606
8.15197	0.56746	0.56746	0.56746	2.20882
8.15796	0.54140	0.54140	0.54140	2.10739
8.16594	0.58046	0.58046	0.58046	2.25942
8.17392	0.45509	0.45509	0.45509	1.77144
8.17790	0.41093	0.41093	0.41093	1.59953
8.18188	0.72571	0.72571	0.72571	2.82481
8.18586	0.41072	0.41072	0.41072	1.59873
8.19382	0.58185	0.58185	0.58185	2.26485
8.20177	0.28256	0.28256	0.28256	1.09984
8.20574	0.57726	0.57726	0.57726	2.24696
8.20772	1.13263	1.13263	1.13263	4.40873
8.21367	0.64957	0.64957	0.64957	2.52845
8.22160	0.33407	0.33407	0.33407	1.30038
8.22952	0.41843	0.41843	0.41843	1.62874
8.23941	0.61630	0.61630	0.61630	2.39896
8.24929	0.55140	0.55140	0.55140	2.14633
8.25916	0.74079	0.74079	0.74079	2.88352
8.26507	0.85272	0.85272	0.85272	3.31918
8.26901	0.56071	0.56071	0.56071	2.18256
8.27295	0.40740	0.40740	0.40740	1.58581
8.27885	0.67397	0.67397	0.67397	2.62342
8.28475	0.57451	0.57451	0.57451	2.23625
8.29065	0.66496	0.66496	0.66496	2.58834
8.29850	0.58018	0.58018	0.58018	2.25832
8.30243	0.38339	0.38339	0.38339	1.49234
8.30439	0.75843	0.75843	0.75843	2.95216
8.31223	0.65166	0.65166	0.65166	2.53656
8.32202	0.52617	0.52617	0.52617	2.04809
8.32985	0.58862	0.58862	0.58862	2.29119
8.33571	0.82022	0.82022	0.82022	3.19268
8.33767	0.76422	0.76422	0.76422	2.97473
8.33962	0.55805	0.55805	0.55805	2.17221
8.34353	0.60736	0.60736	0.60736	2.36415
8.34743	0.50633	0.50633	0.50633	1.97089
8.34938	0.88107	0.88107	0.88107	3.42956
8.35523	0.54435	0.54435	0.54435	2.11888
8.36303	0.43482	0.43482	0.43482	1.69254
8.37081	0.77490	0.77490	0.77490	3.01629
8.37665	0.41564	0.41564	0.41564	1.61789
8.37859	0.79481	0.79481	0.79481	3.09380
8.38054	0.63648	0.63648	0.63648	2.47748
8.38442	0.59293	0.59293	0.59293	2.30796
8.39413	0.69594	0.69594	0.69594	2.70895
8.40382	0.57360	0.57360	0.57360	2.23274
8.40964	0.63018	0.63018	0.63018	2.45298
8.41157	0.36012	0.36012	0.36012	1.40175
8.41738	0.41792	0.41792	0.41792	1.62674
8.42318	0.72945	0.72945	0.72945	2.83936
8.42705	0.55424	0.55424	0.55424	2.15736
8.43671	0.56475	0.56475	0.56475	2.19827
8.44828	0.56299	0.56299	0.56299	2.19144
8.45599	0.63523	0.63523	0.63523	2.47261
8.46369	0.58762	0.58762	0.58762	2.28729
8.48099	0.56620	0.56620	0.56620	2.20391
8.49635	0.62591	0.62591	0.62591	2.43635
8.50018	0.57141	0.57141	0.57141	2.22422
8.50593	0.48187	0.48187	0.48187	1.87566
8.51358	1.03560	1.03560	1.03560	4.03107
8.51741	0.61645	0.61645	0.61645	2.39953
8.51932	0.36152	0.36152	0.36152	1.40721
8.52123	0.52510	0.52510	0.52510	2.04394
8.53459	0.67028	0.67028	0.67028	2.60904
8.54795	0.48323	0.48323	0.48323	1.88095
8.55366	0.51520	0.51520	0.51520	2.00541
8.55938	0.51132	0.51132	0.51132	1.99031
8.56128	0.58672	0.58672	0.58672	2.28380
8.56318	0.38212	0.38212	0.38212	1.48741
8.57268	0.57371	0.57371	0.57371	2.23316
8.58408	0.54192	0.54192	0.54192	2.10943
8.59166	0.69602	0.69602	0.69602	2.70923
8.60114	0.61444	0.61444	0.61444	2.39171
8.60871	0.32169	0.32169	0.32169	1.25218
8.61249	0.56467	0.56467	0.56467	2.19796
8.61627	0.61990	0.61990	0.61990	2.41296
8.62194	0.76244	0.76244	0.76244	2.96778
8.63327	0.56319	0.56319	0.56319	2.19221
8.64835	0.55221	0.55221	0.55221	2.14945
8.66340	0.48524	0.48524	0.48524	1.88879
8.67655	0.57875	0.57875	0.57875	2.25277
8.68406	0.63928	0.63928	0.63928	2.48838
8.69156	0.54163	0.54163	0.54163	2.10829
8.70092	0.38007	0.38007	0.38007	1.47940
8.70654	0.47148	0.47148	0.47148	1.83522
8.71028	0.80859	0.80859	0.80859	3.14742
8.71215	0.39085	0.39085	0.39085	1.52139
8.71402	0.36168	0.36168	0.36168	1.40785
8.71589	0.33295	0.33295	0.33295	1.29602
8.72149	1.05849	1.05849	1.05849	4.12015
8.73082	0.59970	0.59970	0.59970	2.33431
8.73828	0.58598	0.58598	0.58598	2.28090
8.74946	0.41352	0.41352	0.41352	1.60964
8.76062	0.44247	0.44247	0.44247	1.72229
8.76806	0.58435	0.58435	0.58435	2.27456
8.77363	0.71663	0.71663	0.71663	2.78945
8.78105	0.76666	0.76666	0.76666	2.98422
8.80142	0.54268	0.54268	0.54268	2.11239
8.81992	0.47185	0.47185	0.47185	1.83668
8.83283	0.49804	0.49804	0.49804	1.93861
8.84573	0.76829	0.76829	0.76829	2.99054
8.85677	0.50962	0.50962	0.50962	1.98370
8.86413	0.71614	0.71614	0.71614	2.78757
8.86780	0.49330	0.49330	0.49330	1.92018
8.87148	0.62315	0.62315	0.62315	2.42561
8.87331	0.40598	0.40598	0.40598	1.58026
8.88431	0.39290	0.39290	0.39290	1.52936
8.90080	0.46029	0.46029	0.46029	1.79169
8.90812	0.52545	0.52545	0.52545	2.04532
8.91908	0.39440	0.39440	0.39440	1.53520
8.93368	0.56625	0.56625	0.56625	2.20411
8.93915	0.64689	0.64689	0.64689	2.51799
8.96096	0.49904	0.49904	0.49904	1.94250
8.98640	0.42126	0.42126	0.42126	1.63976
8.99546	0.34456	0.34456	0.34456	1.34119
9.00270	0.53452	0.53452	0.53452	2.08062
9.01354	0.49405	0.49405	0.49405	1.92307
9.02438	0.55100	0.55100	0.55100	2.14477
9.03160	0.61450	0.61450	0.61450	2.39194
9.03701	0.55486	0.55486	0.55486	2.15978
9.03881	0.58536	0.58536	0.58536	2.27851
9.04421	0.64610	0.64610	0.64610	2.51494
9.05321	0.64657	0.64657	0.64657	2.51678
9.07476	0.43024	0.43024	0.43024	1.67470
9.11593	0.43618	0.43618	0.43618	1.69784
9.14094	0.26188	0.26188	0.26188	1.01935
9.14273	0.23957	0.23957	0.23957	0.93251
9.14451	0.78467	0.78467	0.78467	3.05433
9.14985	0.50956	0.50956	0.50956	1.98345
9.16052	0.41708	0.41708	0.41708	1.62347
9.17119	0.43948	0.43948	0.43948	1.71068
9.17829	0.46595	0.46595	0.46595	1.81369
9.19601	0.65499	0.65499	0.65499	2.54954
9.21017	0.61916	0.61916	0.61916	2.41008
9.23135	0.33796	0.33796	0.33796	1.31549
9.26834	0.44017	0.44017	0.44017	1.71336
9.28766	0.78272	0.78272	0.78272	3.04672
9.29818	0.59778	0.59778	0.59778	2.32683
9.30868	0.60903	0.60903	0.60903	2.37064
9.32266	0.43115	0.43115	0.43115	1.67826
9.35057	0.45302	0.45302	0.45302	1.76335
9.36798	0.31889	0.31889	0.31889	1.24127
9.40090	0.67656	0.67656	0.67656	2.63351
9.43728	0.42397	0.42397	0.42397	1.65029
9.44418	0.50958	0.50958	0.50958	1.98354
9.45452	0.50476	0.50476	0.50476	1.96476
9.46141	0.68721	0.68721	0.68721	2.67494
9.47516	0.51370	0.51370	0.51370	1.99955
9.53503	0.30433	0.30433	0.30433	1.18462
9.58455	0.67105	0.67105	0.67105	2.61206
9.59135	0.56649	0.56649	0.56649	2.20506
9.60492	0.47429	0.47429	0.47429	1.84617
9.67068	0.44080	0.44080	0.44080	1.71580
9.72960	0.36033	0.36033	0.36033	1.40258
9.73964	0.53910	0.53910	0.53910	2.09845
9.81108	0.54580	0.54580	0.54580	2.12452
9.87912	0.78500	0.78500	0.78500	3.05559
