# r	O-Si	O-O	Si-Si	total
0.00625	0.00000	0.00000	0.00000	0.00000
0.01875	0.00000	0.00000	0.00000	0.00000
0.03125	0.00000	0.00000	0.00000	0.00000
0.04375	0.00000	0.00000	0.00000	0.00000
0.05625	0.00000	0.00000	0.00000	0.00000
0.06875	0.00000	0.00000	0.00000	0.00000
0.08125	0.00000	0.00000	0.00000	0.00000
0.09375	0.00000	0.00000	0.00000	0.00000
0.10625	0.00000	0.00000	0.00000	0.00000
0.11875	0.00000	0.00000	0.00000	0.00000
0.13125	0.00000	0.00000	0.00000	0.00000
0.14375	0.00000	0.00000	0.00000	0.00000
0.15625	0.00000	0.00000	0.00000	0.00000
0.16875	0.00000	0.00000	0.00000	0.00000
0.18125	0.00000	0.00000	0.00000	0.00000
0.19375	0.00000	0.00000	0.00000	0.00000
0.20625	0.00000	0.00000	0.00000	0.00000
0.21875	0.00000	0.00000	0.00000	0.00000
0.23125	0.00000	0.00000	0.00000	0.00000
0.24375	0.00000	0.00000	0.00000	0.00000
0.25625	0.00000	0.00000	0.00000	0.00000
0.26875	0.00000	0.00000	0.00000	0.00000
0.28125	0.00000	0.00000	0.00000	0.00000
0.29375	0.00000	0.00000	0.00000	0.00000
0.30625	0.00000	0.00000	0.00000	0.00000
0.31875	0.00000	0.00000	0.00000	0.00000
0.33125	0.00000	0.00000	0.00000	0.00000
0.34375	0.00000	0.00000	0.00000	0.00000
0.35625	0.00000	0.00000	0.00000	0.00000
0.36875	0.00000	0.00000	0.00000	0.00000
0.38125	0.00000	0.00000	0.00000	0.00000
0.39375	0.00000	0.00000	0.00000	0.00000
0.40625	0.00000	0.00000	0.00000	0.00000
0.41875	0.00000	0.00000	0.00000	0.00000
0.43125	0.00000	0.00000	0.00000	0.00000
0.44375	0.00000	0.00000	0.00000	0.00000
0.45625	0.00000	0.00000	0.00000	0.00000
0.46875	0.00000	0.00000	0.00000	0.00000
0.48125	0.00000	0.00000	0.00000	0.00000
0.49375	0.00000	0.00000	0.00000	0.00000
0.50625	0.00000	0.00000	0.00000	0.00000
0.51875	0.00000	0.00000	0.00000	0.00000
0.53125	0.00000	0.00000	0.00000	0.00000
0.54375	0.00000	0.00000	0.00000	0.00000
0.55625	0.00000	0.00000	0.00000	0.00000
0.56875	0.00000	0.00000	0.00000	0.00000
0.58125	0.00000	0.00000	0.00000	0.00000
0.59375	0.00000	0.00000	0.00000	0.00000
0.60625	0.00000	0.00000	0.00000	0.00000
0.61875	0.00000	0.00000	0.00000	0.00000
0.63125	0.00000	0.00000	0.00000	0.00000
0.64375	0.00000	0.00000	0.00000	0.00000
0.65625	0.00000	0.00000	0.00000	0.00000
0.66875	0.00000	0.00000	0.00000	0.00000
0.68125	0.00000	0.00000	0.00000	0.00000
0.69375	0.00000	0.00000	0.00000	0.00000
0.70625	0.00000	0.00000	0.00000	0.00000
0.71875	0.00000	0.00000	0.00000	0.00000
0.73125	0.00000	0.00000	0.00000	0.00000
0.74375	0.00000	0.00000	0.00000	0.00000
0.75625	0.00000	0.00000	0.00000	0.00000
0.76875	0.00000	0.00000	0.00000	0.00000
0.78125	0.00000	0.00000	0.00000	0.00000
0.79375	0.00000	0.00000	0.00000	0.00000
0.80625	0.00000	0.00000	0.00000	0.00000
0.81875	0.00000	0.00000	0.00000	0.00000
0.83125	0.00000	0.00000	0.00000	0.00000
0.84375	0.00000	0.00000	0.00000	0.00000
0.85625	0.00000	0.00000	0.00000	0.00000
0.86875	0.00000	0.00000	0.00000	0.00000
0.88125	0.00000	0.00000	0.00000	0.00000
0.89375	0.00000	0.00000	0.00000	0.00000
0.90625	0.00000	0.00000	0.00000	0.00000
0.91875	0.00000	0.00000	0.00000	0.00000
0.93125	0.00000	0.00000	0.00000	0.00000
0.94375	0.00000	0.00000	0.00000	0.00000
0.95625	0.00000	0.00000	0.00000	0.00000
0.96875	0.00000	0.00000	0.00000	0.00000
0.98125	0.00000	0.00000	0.00000	0.00000
0.99375	0.00000	0.00000	0.00000	0.00000
1.00625	0.00000	0.00000	0.00000	0.00000
1.01875	0.00000	0.00000	0.00000	0.00000
1.03125	0.00000	0.00000	0.00000	0.00000
1.04375	0.00000	0.00000	0.00000	0.00000
1.05625	0.00000	0.00000	0.00000	0.00000
1.06875	0.00000	0.00000	0.00000	0.00000
1.08125	0.00000	0.00000	0.00000	0.00000
1.09375	0.00000	0.00000	0.00000	0.00000
1.10625	0.00000	0.00000	0.00000	0.00000
1.11875	0.00000	0.00000	0.00000	0.00000
1.13125	0.00000	0.00000	0.00000	0.00000
1.14375	0.00000	0.00000	0.00000	0.00000
1.15625	0.00000	0.00000	0.00000	0.00000
1.16875	0.00000	0.00000	0.00000	0.00000
1.18125	0.00000	0.00000	0.00000	0.00000
1.19375	0.00000	0.00000	0.00000	0.00000
1.20625	0.00000	0.00000	0.00000	0.00000
1.21875	0.00000	0.00000	0.00000	0.00000
1.23125	0.00000	0.00000	0.00000	0.00000
1.24375	0.00000	0.00000	0.00000	0.00000
1.25625	0.00000	0.00000	0.00000	0.00000
1.26875	0.00000	0.00000	0.00000	0.00000
1.28125	0.00000	0.00000	0.00000	0.00000
1.29375	0.00000	0.00000	0.00000	0.00000
1.30625	0.00000	0.00000	0.00000	0.00000
1.31875	0.00000	0.00000	0.00000	0.00000
1.33125	0.00000	0.00000	0.00000	0.00000
1.34375	0.00000	0.00000	0.00000	0.00000
1.35625	0.00000	0.00000	0.00000	0.00000
1.36875	0.00000	0.00000	0.00000	0.00000
1.38125	0.00000	0.00000	0.00000	0.00000
1.39375	0.00000	0.00000	0.00000	0.00000
1.40625	0.00000	0.00000	0.00000	0.00000
1.41875	0.00000	0.00000	0.00000	0.00000
1.43125	0.00000	0.00000	0.00000	0.00000
1.44375	0.00000	0.00000	0.00000	0.00000
1.45625	0.00000	0.00000	0.00000	0.00000
1.46875	0.00000	0.00000	0.00000	0.00000
1.48125	0.00040	0.00000	0.00000	0.00016
1.49375	0.00357	0.00000	0.00000	0.00139
1.50625	0.02343	0.00000	0.00000	0.00909
1.51875	0.10409	0.00000	0.00000	0.04039
1.53125	0.48252	0.00000	0.00000	0.18721
1.54375	1.52831	0.00000	0.00000	0.59297
1.55625	4.15271	0.00000	0.00000	1.61120
1.56875	8.97136	0.00000	0.00000	3.48079
1.58125	16.02454	0.00000	0.00000	6.21734
1.59375	24.01492	0.00000	0.00000	9.31752
1.60625	30.18218	0.00000	0.00000	11.71035
1.61875	32.35409	0.00000	0.00000	12.55303
1.63125	30.08420	0.00000	0.00000	11.67233
1.64375	24.60491	0.00000	0.00000	9.54643
1.65625	17.65402	0.00000	0.00000	6.84956
1.66875	11.36981	0.00000	0.00000	4.41136
1.68125	6.65870	0.00000	0.00000	2.58350
1.69375	3.57872	0.00000	0.00000	1.38850
1.70625	1.85240	0.00000	0.00000	0.71871
1.71875	0.86524	0.00000	0.00000	0.33570
1.73125	0.39551	0.00000	0.00000	0.15345
1.74375	0.19318	0.00000	0.00000	0.07495
1.75625	0.09881	0.00000	0.00000	0.03834
1.76875	0.04928	0.00000	0.00000	0.01912
1.78125	0.02820	0.00000	0.00000	0.01094
1.79375	0.02093	0.00000	0.00000	0.00812
1.80625	0.01005	0.00000	0.00000	0.00390
1.81875	0.00750	0.00000	0.00000	0.00291
1.83125	0.00343	0.00000	0.00000	0.00133
1.84375	0.00235	0.00000	0.00000	0.00091
1.85625	0.00206	0.00000	0.00000	0.00080
1.86875	0.00228	0.00000	0.00000	0.00089
1.88125	0.00175	0.00000	0.00000	0.00068
1.89375	0.00049	0.00000	0.00000	0.00019
1.90625	0.00073	0.00000	0.00000	0.00028
1.91875	0.00096	0.00000	0.00000	0.00037
1.93125	0.00095	0.00000	0.00000	0.00037
1.94375	0.00047	0.00000	0.00000	0.00018
1.95625	0.00023	0.00000	0.00000	0.00009
1.96875	0.00046	0.00000	0.00000	0.00018
1.98125	0.00023	0.00000	0.00000	0.00009
1.99375	0.00045	0.00000	0.00000	0.00017
2.00625	0.00000	0.00000	0.00000	0.00000
2.01875	0.00000	0.00000	0.00000	0.00000
2.03125	0.00000	0.00000	0.00000	0.00000
2.04375	0.00000	0.00000	0.00000	0.00000
2.05625	0.00000	0.00000	0.00000	0.00000
2.06875	0.00021	0.00000	0.00000	0.00008
2.08125	0.00000	0.00000	0.00000	0.00000
2.09375	0.00020	0.00000	0.00000	0.00008
2.10625	0.00040	0.00000	0.00000	0.00015
2.11875	0.00000	0.00000	0.00000	0.00000
2.13125	0.00020	0.00000	0.00000	0.00008
2.14375	0.00019	0.00039	0.00000	0.00028
2.15625	0.00000	0.00057	0.00000	0.00031
2.16875	0.00000	0.00075	0.00000	0.00041
2.18125	0.00019	0.00186	0.00000	0.00108
2.19375	0.00000	0.00184	0.00000	0.00100
2.20625	0.00000	0.00491	0.00000	0.00267
2.21875	0.00000	0.00540	0.00000	0.00293
2.23125	0.00000	0.00552	0.00000	0.00299
2.24375	0.00018	0.00792	0.00000	0.00437
2.25625	0.00035	0.01009	0.00070	0.00566
2.26875	0.00000	0.01033	0.00069	0.00565
2.28125	0.00017	0.01073	0.00000	0.00589
2.29375	0.00051	0.00775	0.00135	0.00449
2.30625	0.00000	0.00800	0.00466	0.00466
2.31875	0.00000	0.00725	0.00527	0.00430
2.33125	0.00033	0.00880	0.00652	0.00536
2.34375	0.00016	0.01419	0.01742	0.00897
2.35625	0.00048	0.01979	0.01341	0.01185
2.36875	0.00016	0.02637	0.02590	0.01617
2.38125	0.00047	0.05609	0.02375	0.03227
2.39375	0.00015	0.09076	0.03092	0.05146
2.40625	0.00046	0.14843	0.02142	0.08221
2.41875	0.00030	0.22186	0.02423	0.12219
2.43125	0.00000	0.35059	0.02518	0.19200
2.44375	0.00015	0.50041	0.02314	0.27322
2.45625	0.00103	0.73676	0.01997	0.40159
2.46875	0.00058	1.02354	0.01047	0.55639
2.48125	0.00115	1.39159	0.00691	0.75609
2.49375	0.00085	1.84782	0.00855	1.00366
2.50625	0.00085	2.33256	0.00677	1.26659
2.51875	0.00140	2.86166	0.00223	1.55361
2.53125	0.00069	3.55805	0.00166	1.93120
2.54375	0.00068	4.15110	0.00164	2.25302
2.55625	0.00176	4.76088	0.00163	2.58434
2.56875	0.00067	5.35338	0.00376	2.90559
2.58125	0.00106	5.83715	0.00000	3.16800
2.59375	0.00092	6.29134	0.00158	3.41453
2.60625	0.00196	6.51887	0.00365	3.53855
2.61875	0.00310	6.74114	0.00465	3.65968
2.63125	0.00461	6.72165	0.00563	3.64975
2.64375	0.00368	6.64721	0.00761	3.60913
2.65625	0.00477	6.40636	0.00753	3.47885
2.66875	0.00423	6.14434	0.01642	3.33707
2.68125	0.00616	5.68752	0.01627	3.08991
2.69375	0.00610	5.23352	0.02882	2.84439
2.70625	0.00823	4.68373	0.03774	2.54748
2.71875	0.00779	4.15327	0.06521	2.26136
2.73125	0.01045	3.66664	0.08884	1.99995
2.74375	0.01271	3.15607	0.11298	1.72544
2.75625	0.01353	2.72318	0.16654	1.49456
2.76875	0.01341	2.31112	0.21358	1.27417
2.78125	0.01592	1.91632	0.26756	1.06464
2.79375	0.01907	1.61837	0.33510	0.90887
2.80625	0.02239	1.34568	0.42393	0.76833
2.81875	0.02587	1.10885	0.50671	0.64691
2.83125	0.02818	0.89781	0.61012	0.54046
2.84375	0.03057	0.74346	0.75070	0.46737
2.85625	0.03790	0.62283	0.89836	0.41499
2.86875	0.03876	0.51062	1.03826	0.36413
2.88125	0.04087	0.44515	1.21668	0.34180
2.89375	0.04708	0.37423	1.37082	0.31641
2.90625	0.05003	0.32927	1.59319	0.30858
2.91875	0.05626	0.29640	1.77052	0.30546
2.93125	0.06414	0.28305	1.98973	0.31647
2.94375	0.07095	0.26859	2.16345	0.32332
2.95625	0.07522	0.24939	2.36498	0.32853
2.96875	0.08565	0.25785	2.62216	0.35500
2.98125	0.09909	0.25190	2.86898	0.37411
2.99375	0.10884	0.26335	3.09418	0.39972
3.00625	0.11538	0.27263	3.27752	0.42001
3.01875	0.13524	0.27582	3.45733	0.44192
3.03125	0.14270	0.28676	3.66106	0.46488
3.04375	0.15406	0.28958	3.88812	0.48656
3.05625	0.17244	0.30770	4.04495	0.51440
3.06875	0.18016	0.31602	4.19534	0.53234
3.08125	0.19634	0.33707	4.37974	0.56283
3.09375	0.20550	0.34777	4.48771	0.57968
3.10625	0.22349	0.35811	4.64119	0.60292
3.11875	0.24685	0.35834	4.71155	0.61698
3.13125	0.25292	0.37293	4.85438	0.63716
3.14375	0.27781	0.37606	4.98797	0.65778
3.15625	0.30594	0.40120	5.05740	0.68715
3.16875	0.32718	0.40739	4.97876	0.69329
3.18125	0.34019	0.41715	4.85986	0.69540
3.19375	0.35421	0.43387	4.68431	0.69773
3.20625	0.38041	0.43265	4.32310	0.68219
3.21875	0.40398	0.45486	3.88492	0.67300
3.23125	0.41918	0.45542	3.39465	0.64520
3.24375	0.44130	0.46699	2.75283	0.61555
3.25625	0.46374	0.46467	2.18191	0.58340
3.26875	0.48989	0.48567	1.67270	0.56963
3.28125	0.49793	0.48823	1.23075	0.54349
3.29375	0.52086	0.51213	0.87809	0.54090
3.30625	0.54189	0.49481	0.58584	0.51939
3.31875	0.56091	0.50646	0.37454	0.51843
3.33125	0.59175	0.51416	0.23026	0.52458
3.34375	0.61499	0.50929	0.14200	0.52483
3.35625	0.64054	0.53264	0.07991	0.54311
3.36875	0.67499	0.52737	0.04622	0.55128
3.38125	0.70418	0.51875	0.02294	0.55631
3.39375	0.73208	0.54455	0.01508	0.58059
3.40625	0.76528	0.54102	0.01252	0.59138
3.41875	0.78714	0.55155	0.00697	0.60519
3.43125	0.82295	0.55047	0.00813	0.61858
3.44375	0.85718	0.55732	0.00657	0.63547
3.45625	0.88829	0.55648	0.00742	0.64714
3.46875	0.92365	0.57523	0.00736	0.67103
3.48125	0.97003	0.58244	0.00556	0.69281
3.49375	0.98053	0.57349	0.00552	0.69203
3.50625	1.01765	0.57604	0.01124	0.70821
3.51875	1.05093	0.57367	0.00716	0.71955
3.53125	1.07129	0.57715	0.01165	0.72965
3.54375	1.10163	0.59255	0.01383	0.74993
3.55625	1.13887	0.59232	0.01457	0.76431
3.56875	1.14955	0.57976	0.01530	0.76169
3.58125	1.19404	0.59016	0.01658	0.78468
3.59375	1.22334	0.59820	0.02086	0.80071
3.60625	1.24076	0.58984	0.02453	0.80318
3.61875	1.28417	0.60147	0.02815	0.82659
3.63125	1.29422	0.59700	0.02876	0.82810
3.64375	1.32947	0.59171	0.03283	0.83919
3.65625	1.34432	0.60516	0.04374	0.85301
3.66875	1.37104	0.60276	0.04871	0.86242
3.68125	1.40666	0.62476	0.05387	0.88854
3.69375	1.41216	0.61502	0.06831	0.88639
3.70625	1.43296	0.62558	0.05908	0.89955
3.71875	1.44487	0.61760	0.07381	0.90086
3.73125	1.46684	0.61977	0.07942	0.91095
3.74375	1.48778	0.62253	0.09179	0.92143
3.75625	1.51670	0.62480	0.09696	0.93424
3.76875	1.52830	0.63070	0.10355	0.94240
3.78125	1.56029	0.63429	0.11080	0.95726
3.79375	1.58763	0.63436	0.12928	0.96919
3.80625	1.59062	0.64286	0.13797	0.97556
3.81875	1.62257	0.63799	0.14995	0.98615
3.83125	1.64398	0.63027	0.16635	0.99141
3.84375	1.63073	0.65203	0.16791	0.99818
3.85625	1.68124	0.66741	0.18661	1.02742
3.86875	1.69135	0.65399	0.20813	1.02555
3.88125	1.70300	0.66237	0.22115	1.03552
3.89375	1.70570	0.66385	0.23726	1.03849
3.90625	1.72888	0.66483	0.25641	1.04935
3.91875	1.74868	0.66365	0.25178	1.05607
3.93125	1.77186	0.67045	0.27403	1.07029
3.94375	1.79323	0.67885	0.32220	1.08648
3.95625	1.80971	0.68119	0.32990	1.09468
3.96875	1.81166	0.67359	0.33930	1.09196
3.98125	1.85972	0.67658	0.34880	1.11289
3.99375	1.86559	0.69690	0.36662	1.12743
4.00625	1.88725	0.69388	0.40231	1.13668
4.01875	1.91464	0.69374	0.39367	1.14663
4.03125	1.92421	0.70804	0.42962	1.16059
4.04375	1.94750	0.71380	0.47529	1.17592
4.05625	1.98689	0.70483	0.48292	1.18686
4.06875	2.00766	0.71019	0.49002	1.19833
4.08125	2.03076	0.72165	0.50575	1.21459
4.09375	2.08144	0.72428	0.52424	1.23697
4.10625	2.09769	0.72760	0.54837	1.24675
4.11875	2.11563	0.72914	0.55466	1.25498
4.13125	2.13254	0.72790	0.58495	1.26297
4.14375	2.13930	0.75050	0.61053	1.27963
4.15625	2.14738	0.75030	0.64584	1.28511
4.16875	2.17383	0.76636	0.66114	1.30514
4.18125	2.14732	0.76325	0.68071	1.29453
4.19375	2.12874	0.76430	0.69983	1.28922
4.20625	2.09868	0.77243	0.74375	1.28501
4.21875	2.07736	0.77035	0.74055	1.27539
4.23125	2.01715	0.77264	0.79061	1.25674
4.24375	1.96548	0.78905	0.76805	1.24404
4.25625	1.87434	0.79679	0.81168	1.21590
4.26875	1.80766	0.79758	0.81976	1.19102
4.28125	1.73466	0.80071	0.85192	1.16663
4.29375	1.63870	0.81278	0.87003	1.13720
4.30625	1.55099	0.82183	0.87875	1.10868
4.31875	1.46593	0.82335	0.91319	1.07889
4.33125	1.36095	0.83386	0.94344	1.04596
4.34375	1.29889	0.84907	0.95248	1.03077
4.35625	1.20783	0.84724	0.97130	0.99575
4.36875	1.11998	0.86189	1.00270	0.97179
4.38125	1.05738	0.87295	0.97188	0.95137
4.39375	0.98524	0.86942	1.02125	0.92488
4.40625	0.93954	0.88667	1.02039	0.91646
4.41875	0.88065	0.89686	1.05093	0.90125
4.43125	0.83241	0.89839	1.04465	0.88294
4.44375	0.80872	0.91179	1.07916	0.88340
4.45625	0.76149	0.91890	1.07525	0.86867
4.46875	0.73958	0.93059	1.08061	0.86688
4.48125	0.70872	0.95359	1.12735	0.87064
4.49375	0.67811	0.97392	1.13899	0.87059
4.50625	0.66829	0.98728	1.14368	0.87436
4.51875	0.66720	0.99320	1.16252	0.87846
4.53125	0.64320	1.01349	1.18546	0.88175
4.54375	0.63529	1.02744	1.20281	0.88745
4.55625	0.62895	1.03167	1.19639	0.88684
4.56875	0.61706	1.05940	1.18781	0.89668
4.58125	0.62240	1.06815	1.20971	0.90502
4.59375	0.61918	1.08094	1.24142	0.91291
4.60625	0.61729	1.11454	1.23035	0.92964
4.61875	0.62965	1.12646	1.24148	0.94168
4.63125	0.63175	1.13670	1.21810	0.94643
4.64375	0.62687	1.14801	1.25066	0.95293
4.65625	0.62862	1.17598	1.24510	0.96840
4.66875	0.63688	1.19091	1.26104	0.98082
4.68125	0.62419	1.21290	1.30186	0.99065
4.69375	0.62698	1.24143	1.29799	1.00695
4.70625	0.63365	1.26389	1.31527	1.02293
4.71875	0.63193	1.26122	1.33410	1.02212
4.73125	0.63770	1.29917	1.32421	1.04426
4.74375	0.63277	1.32013	1.32590	1.05384
4.75625	0.63806	1.34449	1.34056	1.07013
4.76875	0.64111	1.37236	1.37827	1.08905
4.78125	0.63742	1.38318	1.36316	1.09244
4.79375	0.64034	1.40381	1.38506	1.10629
4.80625	0.65086	1.43464	1.40302	1.12835
4.81875	0.64554	1.45132	1.38904	1.13437
4.83125	0.64900	1.47430	1.41572	1.15003
4.84375	0.65487	1.50330	1.38848	1.16615
4.85625	0.65304	1.50421	1.40418	1.16703
4.86875	0.65754	1.54033	1.40237	1.18825
4.88125	0.65381	1.54729	1.44294	1.19339
4.89375	0.66549	1.57488	1.44297	1.21290
4.90625	0.67006	1.58523	1.41605	1.21842
4.91875	0.66860	1.62343	1.46218	1.24178
4.93125	0.67231	1.61904	1.44385	1.23957
4.94375	0.66823	1.62717	1.48513	1.24526
4.95625	0.68319	1.62540	1.45673	1.24813
4.96875	0.68632	1.63453	1.45702	1.25432
4.98125	0.68395	1.65101	1.47371	1.26350
4.99375	0.68813	1.67959	1.50301	1.28267
5.00625	0.67919	1.67115	1.47981	1.27301
5.01875	0.69927	1.67504	1.49131	1.28371
5.03125	0.70283	1.67579	1.47719	1.28452
5.04375	0.70138	1.66736	1.48171	1.27969
5.05625	0.70325	1.67118	1.47939	1.28233
5.06875	0.71427	1.67885	1.50327	1.29242
5.08125	0.70180	1.66891	1.49946	1.28193
5.09375	0.71554	1.65995	1.48227	1.28121
5.10625	0.72108	1.65282	1.48263	1.27951
5.11875	0.73092	1.63654	1.50786	1.27624
5.13125	0.73173	1.61659	1.47913	1.26374
5.14375	0.72724	1.60135	1.46163	1.25252
5.15625	0.73122	1.57800	1.48228	1.24282
5.16875	0.74019	1.57157	1.46981	1.24195
5.18125	0.75273	1.53809	1.45058	1.22731
5.19375	0.75108	1.51066	1.45136	1.21184
5.20625	0.75944	1.47788	1.45146	1.19730
5.21875	0.76215	1.45386	1.45219	1.18537
5.23125	0.76890	1.41345	1.42053	1.16386
5.24375	0.77024	1.38771	1.40654	1.14944
5.25625	0.77517	1.34799	1.42526	1.13110
5.26875	0.78688	1.31223	1.41251	1.11536
5.28125	0.80428	1.28319	1.39515	1.10515
5.29375	0.79825	1.23240	1.39173	1.07500
5.30625	0.80925	1.22412	1.36039	1.07260
5.31875	0.81068	1.17791	1.38645	1.04989
5.33125	0.81492	1.14053	1.36624	1.02985
5.34375	0.82920	1.09180	1.33665	1.00689
5.35625	0.83000	1.07367	1.35920	0.99893
5.36875	0.83899	1.03096	1.31513	0.97619
5.38125	0.84452	1.01529	1.32053	0.97020
5.39375	0.85343	0.98437	1.30187	0.95558
5.40625	0.86113	0.95499	1.30022	0.94252
5.41875	0.87309	0.94567	1.27552	0.94039
5.43125	0.87439	0.92676	1.27314	0.93046
5.44375	0.88641	0.89503	1.26646	0.91744
5.45625	0.89417	0.87793	1.24031	0.90936
5.46875	0.90957	0.86732	1.25432	0.91055
5.48125	0.91142	0.84178	1.23575	0.89612
5.49375	0.91458	0.83405	1.22085	0.89212
5.50625	0.92332	0.82319	1.20071	0.88822
5.51875	0.93206	0.80836	1.20574	0.88391
5.53125	0.94036	0.80340	1.18930	0.88330
5.54375	0.95472	0.79973	1.20158	0.88773
5.55625	0.95993	0.78416	1.18608	0.88023
5.56875	0.96782	0.77736	1.17059	0.87853
5.58125	0.98733	0.77804	1.15796	0.88559
5.59375	0.98889	0.76964	1.14599	0.88081
5.60625	1.00239	0.77134	1.16333	0.88817
5.61875	1.00012	0.76485	1.14064	0.88220
5.63125	1.02055	0.77557	1.14173	0.89601
5.64375	1.01607	0.76872	1.11409	0.88864
5.65625	1.03758	0.76676	1.11272	0.89583
5.66875	1.03946	0.75837	1.11807	0.89238
5.68125	1.04404	0.76568	1.10987	0.89755
5.69375	1.06454	0.75790	1.09035	0.89993
5.70625	1.06438	0.76416	1.07328	0.90208
5.71875	1.07769	0.76746	1.06014	0.90812
5.73125	1.09063	0.77151	1.07548	0.91640
5.74375	1.08699	0.77285	1.04395	0.91354
5.75625	1.09752	0.76479	1.03568	0.91267
5.76875	1.10874	0.77053	1.03226	0.91990
5.78125	1.10756	0.77108	0.99917	0.91744
5.79375	1.13031	0.77475	1.01313	0.92923
5.80625	1.13199	0.76416	0.99100	0.92261
5.81875	1.13250	0.76952	0.95713	0.92336
5.83125	1.13992	0.77693	0.97137	0.93125
5.84375	1.15142	0.77275	0.94968	0.93194
5.85625	1.15253	0.77878	0.90947	0.93286
5.86875	1.16267	0.77730	0.91887	0.93664
5.88125	1.15866	0.78757	0.87982	0.93795
5.89375	1.18017	0.78908	0.86548	0.94612
5.90625	1.18247	0.78432	0.84872	0.94326
5.91875	1.17536	0.78468	0.82066	0.93875
5.93125	1.18741	0.79170	0.82516	0.94755
5.94375	1.18708	0.78496	0.77474	0.94027
5.95625	1.19846	0.79174	0.77569	0.94843
5.96875	1.19365	0.79390	0.74429	0.94555
5.98125	1.19815	0.79697	0.72266	0.94747
5.99375	1.19829	0.79999	0.70840	0.94817
6.00625	1.19912	0.80806	0.70536	0.95266
6.01875	1.21181	0.80314	0.68561	0.95355
6.03125	1.21629	0.80283	0.69426	0.95572
6.04375	1.21398	0.80381	0.66539	0.95335
6.05625	1.23049	0.80545	0.66342	0.96051
6.06875	1.22170	0.80957	0.65501	0.95875
6.08125	1.22732	0.81106	0.66152	0.96219
6.09375	1.24312	0.81174	0.64545	0.96758
6.10625	1.24115	0.81370	0.63654	0.96726
6.11875	1.24536	0.81106	0.64274	0.96789
6.13125	1.24679	0.81367	0.63437	0.96928
6.14375	1.24015	0.82175	0.62335	0.97032
6.15625	1.25069	0.81596	0.63241	0.97190
6.16875	1.25175	0.82220	0.63367	0.97579
6.18125	1.25956	0.83020	0.64094	0.98366
6.19375	1.24788	0.83242	0.63383	0.97984
6.20625	1.25716	0.83293	0.62558	0.98315
6.21875	1.25935	0.82929	0.63681	0.98280
6.23125	1.25827	0.83920	0.64996	0.98867
6.24375	1.25997	0.84164	0.64917	0.99060
6.25625	1.25661	0.84011	0.65772	0.98906
6.26875	1.25188	0.84281	0.64536	0.98783
6.28125	1.26439	0.84269	0.65357	0.99319
6.29375	1.25828	0.84749	0.66180	0.99399
6.30625	1.25383	0.84627	0.66444	0.99179
6.31875	1.25116	0.85178	0.66483	0.99377
6.33125	1.24967	0.85401	0.68617	0.99588
6.34375	1.23727	0.86544	0.67000	0.99615
6.35625	1.24195	0.85772	0.70736	0.99637
6.36875	1.22604	0.87067	0.69716	0.99652
6.38125	1.23561	0.87362	0.68921	1.00128
6.39375	1.22805	0.87034	0.69952	0.99728
6.40625	1.22866	0.87541	0.70526	1.00066
6.41875	1.22353	0.87733	0.69942	0.99932
6.43125	1.21152	0.88838	0.71675	1.00185
6.44375	1.21060	0.89068	0.71747	1.00279
6.45625	1.20617	0.88411	0.72005	0.99769
6.46875	1.20287	0.88595	0.73599	0.99851
6.48125	1.18731	0.89359	0.74201	0.99704
6.49375	1.18735	0.90030	0.73160	0.99997
6.50625	1.17111	0.90124	0.74227	0.99492
6.51875	1.18003	0.90594	0.75627	1.00190
6.53125	1.16137	0.91221	0.78137	0.99981
6.54375	1.15845	0.91049	0.75290	0.99577
6.55625	1.14695	0.92058	0.77600	0.99838
6.56875	1.13926	0.92458	0.76361	0.99671
6.58125	1.12614	0.93586	0.79328	0.99980
6.59375	1.10732	0.92691	0.78611	0.98715
6.60625	1.10159	0.93732	0.78720	0.99064
6.61875	1.09893	0.93788	0.80041	0.99084
6.63125	1.08821	0.94241	0.82689	0.99097
6.64375	1.08414	0.94999	0.81495	0.99267
6.65625	1.07311	0.96130	0.81597	0.99460
6.66875	1.05353	0.96055	0.82153	0.98698
6.68125	1.04534	0.96103	0.84473	0.98568
6.69375	1.03440	0.96070	0.84103	0.98100
6.70625	1.03104	0.97257	0.86043	0.98748
6.71875	1.01555	0.97946	0.86783	0.98572
6.73125	0.99649	0.99307	0.88065	0.98660
6.74375	0.99602	0.98676	0.87341	0.98249
6.75625	0.98156	0.99206	0.88649	0.98067
6.76875	0.96212	1.00542	0.89490	0.98095
6.78125	0.95594	1.00246	0.89345	0.97685
6.79375	0.94619	1.00901	0.92702	0.97895
6.80625	0.93459	1.00875	0.92385	0.97409
6.81875	0.92398	1.01167	0.91338	0.97083
6.83125	0.91420	1.03144	0.93700	0.97940
6.84375	0.90752	1.03149	0.93857	0.97695
6.85625	0.88897	1.03661	0.95166	0.97343
6.86875	0.88194	1.04210	0.94009	0.97288
6.88125	0.87110	1.04752	0.97350	0.97394
6.89375	0.86036	1.05676	0.97057	0.97458
6.90625	0.85143	1.05667	0.98489	0.97206
6.91875	0.84353	1.06685	0.99681	0.97535
6.93125	0.82950	1.05703	1.00089	0.96486
6.94375	0.83072	1.07980	1.01118	0.97840
6.95625	0.82571	1.08409	1.01539	0.97907
6.96875	0.81372	1.08668	1.02576	0.97655
6.98125	0.81130	1.08986	1.03983	0.97831
6.99375	0.80029	1.09298	1.04126	0.97583
7.00625	0.80229	1.10081	1.04000	0.98077
7.01875	0.78859	1.11044	1.04587	0.98109
7.03125	0.79082	1.11553	1.05291	0.98520
7.04375	0.78912	1.11809	1.05503	0.98608
7.05625	0.77818	1.12979	1.08724	0.99042
7.06875	0.77791	1.12573	1.06780	0.98676
7.08125	0.77570	1.14174	1.08368	0.99569
7.09375	0.77709	1.13807	1.09388	0.99495
7.10625	0.77148	1.15016	1.10246	0.99993
7.11875	0.77444	1.15431	1.10537	1.00353
7.13125	0.77826	1.15310	1.12812	1.00593
7.14375	0.77189	1.15636	1.10848	1.00387
7.15625	0.77323	1.16726	1.14074	1.01254
7.16875	0.76967	1.16421	1.12683	1.00854
7.18125	0.77789	1.17340	1.13782	1.01748
7.19375	0.78030	1.17018	1.14346	1.01706
7.20625	0.77704	1.17754	1.15226	1.02040
7.21875	0.78273	1.18051	1.15562	1.02445
7.23125	0.77725	1.17817	1.16308	1.02157
7.24375	0.78402	1.18271	1.16285	1.02664
7.25625	0.78654	1.18404	1.16248	1.02832
7.26875	0.78545	1.18684	1.16104	1.02932
7.28125	0.78534	1.19403	1.17550	1.03418
7.29375	0.79971	1.18743	1.18627	1.03692
7.30625	0.79480	1.19764	1.18792	1.04067
7.31875	0.80421	1.19526	1.19161	1.04328
7.33125	0.80269	1.18791	1.19942	1.03925
7.34375	0.80617	1.19016	1.20296	1.04206
7.35625	0.81229	1.18322	1.19763	1.04030
7.36875	0.81402	1.19642	1.18339	1.04715
7.38125	0.81842	1.19231	1.18901	1.04702
7.39375	0.82310	1.18831	1.19556	1.04712
7.40625	0.81968	1.17702	1.18345	1.03882
7.41875	0.83213	1.17929	1.19383	1.04560
7.43125	0.82936	1.18055	1.19764	1.04548
7.44375	0.83616	1.16217	1.19964	1.03828
7.45625	0.83648	1.17562	1.18504	1.04469
7.46875	0.83851	1.16819	1.18476	1.04143
7.48125	0.84622	1.16279	1.20372	1.04280
7.49375	0.84995	1.15165	1.17649	1.03632
7.50625	0.85143	1.15667	1.18918	1.04050
7.51875	0.85866	1.14849	1.18742	1.03874
7.53125	0.86529	1.13265	1.18342	1.03244
7.54375	0.86931	1.13651	1.18199	1.03600
7.55625	0.87047	1.12500	1.18231	1.03022
7.56875	0.87043	1.12470	1.17296	1.02939
7.58125	0.88701	1.11533	1.16903	1.03047
7.59375	0.88448	1.10714	1.17570	1.02550
7.60625	0.88687	1.09860	1.17178	1.02153
7.61875	0.89062	1.09576	1.17740	1.02183
7.63125	0.89507	1.09274	1.16527	1.02108
7.64375	0.90277	1.07672	1.15521	1.01467
7.65625	0.90773	1.07445	1.13820	1.01418
7.66875	0.90996	1.06277	1.14721	1.00933
7.68125	0.91107	1.05456	1.14636	1.00526
7.69375	0.91492	1.04854	1.15994	1.00442
7.70625	0.92024	1.03729	1.12199	0.99775
7.71875	0.93849	1.02354	1.14518	0.99898
7.73125	0.93516	1.02229	1.13170	0.99607
7.74375	0.93850	1.00986	1.12397	0.99009
7.75625	0.94523	1.00266	1.11929	0.98847
7.76875	0.95039	1.00409	1.11569	0.99100
7.78125	0.95977	1.00267	1.10918	0.99341
7.79375	0.96438	0.98362	1.11368	0.98517
7.80625	0.96775	0.97792	1.10744	0.98296
7.81875	0.97204	0.97190	1.09144	0.98025
7.83125	0.96827	0.96591	1.08143	0.97484
7.84375	0.98857	0.95941	1.09406	0.98006
7.85625	0.98158	0.95617	1.07100	0.97399
7.86875	0.99104	0.95654	1.06508	0.97745
7.88125	0.99758	0.93895	1.06866	0.97069
7.89375	1.00677	0.93495	1.06642	0.97193
7.90625	1.00245	0.93721	1.07019	0.97175
7.91875	1.01127	0.92284	1.03562	0.96497
7.93125	1.01342	0.92319	1.02689	0.96539
7.94375	1.01904	0.91816	1.04321	0.96597
7.95625	1.02354	0.91405	1.02028	0.96390
7.96875	1.02530	0.91181	1.02601	0.96376
7.98125	1.03703	0.90613	1.02636	0.96526
7.99375	1.04248	0.90211	1.00580	0.96376
8.00625	1.04561	0.89309	1.02322	0.96129
8.01875	1.04592	0.89749	0.98989	0.96149
8.03125	1.06011	0.89311	0.97928	0.96388
8.04375	1.05914	0.88651	0.97986	0.95996
8.05625	1.06269	0.89245	0.97485	0.96422
8.06875	1.06060	0.89038	0.97793	0.96250
8.08125	1.07224	0.88386	0.97306	0.96314
8.09375	1.07088	0.88499	0.94847	0.96151
8.10625	1.07540	0.88427	0.96146	0.96378
8.11875	1.07973	0.87424	0.94560	0.95891
8.13125	1.09500	0.87404	0.93278	0.96384
8.14375	1.09820	0.88496	0.93350	0.97106
8.15625	1.09877	0.87799	0.92504	0.96691
8.16875	1.08882	0.87532	0.92540	0.96163
8.18125	1.10913	0.87402	0.91564	0.96813
8.19375	1.10410	0.87637	0.91348	0.96730
8.20625	1.11092	0.87472	0.91980	0.96949
8.21875	1.11556	0.87523	0.90935	0.97084
8.23125	1.11306	0.87205	0.90539	0.96787
8.24375	1.11676	0.87769	0.89983	0.97198
8.25625	1.12384	0.87884	0.88015	0.97399
8.26875	1.12538	0.87852	0.87905	0.97434
8.28125	1.13199	0.87965	0.87800	0.97744
8.29375	1.13270	0.87977	0.89370	0.97887
8.30625	1.13668	0.87478	0.88135	0.97685
8.31875	1.12868	0.88347	0.88629	0.97880
8.33125	1.13641	0.88775	0.86356	0.98255
8.34375	1.13263	0.88927	0.86495	0.98200
8.35625	1.13499	0.88875	0.85592	0.98201
8.36875	1.13156	0.89409	0.86895	0.98449
8.38125	1.13482	0.88704	0.87498	0.98234
8.39375	1.14072	0.89773	0.86398	0.98966
8.40625	1.14122	0.89408	0.86262	0.98779
8.41875	1.14131	0.89666	0.86861	0.98964
8.43125	1.14391	0.89551	0.86678	0.98989
8.44375	1.14173	0.89792	0.85557	0.98958
8.45625	1.13933	0.90117	0.86161	0.99083
8.46875	1.13844	0.90475	0.85398	0.99190
8.48125	1.14990	0.90647	0.86585	0.99810
8.49375	1.13814	0.90807	0.85279	0.99350
8.50625	1.13754	0.90428	0.85822	0.99159
8.51875	1.13962	0.91516	0.85766	0.99826
8.53125	1.14013	0.91588	0.86197	0.99915
8.54375	1.13744	0.91857	0.85799	0.99928
8.55625	1.13232	0.91995	0.85994	0.99819
8.56875	1.13644	0.92477	0.86897	1.00303
8.58125	1.13654	0.92961	0.87188	1.00590
8.59375	1.13264	0.92228	0.86833	1.00016
8.60625	1.13202	0.93490	0.87533	1.00725
8.61875	1.13611	0.93013	0.87957	1.00654
8.63125	1.13436	0.93719	0.86956	1.00900
8.64375	1.12358	0.93743	0.88531	1.00604
8.65625	1.12137	0.94426	0.89127	1.00930
8.66875	1.12753	0.93822	0.88780	1.00818
8.68125	1.11112	0.94707	0.89235	1.00692
8.69375	1.11514	0.94035	0.90291	1.00557
8.70625	1.11835	0.95122	0.89490	1.01216
8.71875	1.11529	0.94833	0.89205	1.00921
8.73125	1.10944	0.95372	0.90475	1.01074
8.74375	1.10646	0.95879	0.89910	1.01195
8.75625	1.10606	0.96425	0.90828	1.01539
8.76875	1.10287	0.95986	0.90366	1.01145
8.78125	1.10166	0.96727	0.91534	1.01581
8.79375	1.09010	0.97149	0.91512	1.01360
8.80625	1.09571	0.96630	0.91975	1.01328
8.81875	1.08271	0.97529	0.93432	1.01412
8.83125	1.08047	0.98034	0.92809	1.01557
8.84375	1.08324	0.98622	0.94010	1.02066
8.85625	1.07906	0.98521	0.93519	1.01815
8.86875	1.07417	0.98438	0.93968	1.01612
8.88125	1.07020	0.99145	0.95285	1.01933
8.89375	1.06520	0.98395	0.95851	1.01371
8.90625	1.06164	0.99176	0.94407	1.01556
8.91875	1.05423	0.99192	0.95996	1.01388
8.93125	1.05431	1.00052	0.97096	1.01934
8.94375	1.04548	1.00485	0.96120	1.01759
8.95625	1.03913	1.00520	0.97195	1.01606
8.96875	1.04040	1.00522	0.97576	1.01683
8.98125	1.03831	1.00137	0.98065	1.01426
8.99375	1.03045	1.01419	0.97850	1.01802
9.00625	1.03031	1.01807	0.97648	1.01993
9.01875	1.01991	1.01486	0.99046	1.01513
9.03125	1.01633	1.01997	1.01149	1.01797
9.04375	1.00789	1.02496	1.00172	1.01672
9.05625	1.00575	1.02463	1.00069	1.01565
9.06875	1.00435	1.02524	1.01017	1.01609
9.08125	1.00226	1.03059	1.01774	1.01871
9.09375	0.98757	1.02793	1.01658	1.01148
9.10625	0.98998	1.03412	1.01563	1.01571
9.11875	0.98802	1.03973	1.02695	1.01878
9.13125	0.98484	1.04240	1.02941	1.01917
9.14375	0.97730	1.04766	1.03847	1.01972
9.15625	0.97146	1.04832	1.02177	1.01666
9.16875	0.97107	1.05143	1.04554	1.01984
9.18125	0.96514	1.05589	1.03597	1.01930
9.19375	0.96472	1.05723	1.04775	1.02068
9.20625	0.95225	1.05076	1.03989	1.01179
9.21875	0.95260	1.05269	1.05317	1.01389
9.23125	0.94599	1.06630	1.06995	1.01987
9.24375	0.94527	1.06049	1.05345	1.01530
9.25625	0.94320	1.06438	1.06004	1.01706
9.26875	0.93698	1.06661	1.06097	1.01592
9.28125	0.93376	1.06947	1.07622	1.01728
9.29375	0.93217	1.06995	1.07165	1.01661
9.30625	0.92934	1.07598	1.07241	1.01884
9.31875	0.92554	1.08064	1.07415	1.02001
9.33125	0.92202	1.07937	1.07913	1.01831
9.34375	0.92290	1.07844	1.08598	1.01862
9.35625	0.91475	1.07853	1.09033	1.01581
9.36875	0.91865	1.08377	1.10038	1.02086
9.38125	0.90786	1.08471	1.08694	1.01625
9.39375	0.91668	1.08582	1.08333	1.02002
9.40625	0.90449	1.08712	1.09635	1.01691
9.41875	0.90456	1.09303	1.08945	1.01966
9.43125	0.90215	1.08651	1.10497	1.01626
9.44375	0.90043	1.09187	1.09784	1.01801
9.45625	0.89943	1.09058	1.09589	1.01678
9.46875	0.90111	1.09376	1.10177	1.01957
9.48125	0.90015	1.09439	1.10466	1.01974
9.49375	0.89928	1.09586	1.10309	1.02009
9.50625	0.90052	1.09241	1.11776	1.01972
9.51875	0.89959	1.09211	1.11460	1.01897
9.53125	0.90130	1.09697	1.12794	1.02320
9.54375	0.89310	1.09872	1.12016	1.02043
9.55625	0.89306	1.09388	1.10866	1.01699
9.56875	0.89911	1.09738	1.11780	1.02187
9.58125	0.89225	1.09329	1.11458	1.01677
9.59375	0.90041	1.09850	1.11953	1.02310
9.60625	0.89432	1.08907	1.11727	1.01546
9.61875	0.89672	1.09658	1.11395	1.02024
9.63125	0.89625	1.09940	1.12680	1.02248
9.64375	0.89804	1.09673	1.13886	1.02256
9.65625	0.89461	1.09368	1.12542	1.01864
9.66875	0.88938	1.09363	1.12456	1.01653
9.68125	0.89605	1.09121	1.12964	1.01816
9.69375	0.89791	1.09404	1.12439	1.02005
9.70625	0.89521	1.08827	1.12364	1.01582
9.71875	0.90271	1.09135	1.11651	1.01991
9.73125	0.90588	1.08590	1.11809	1.01829
9.74375	0.90420	1.08491	1.11724	1.01704
9.75625	0.90653	1.08406	1.11755	1.01750
9.76875	0.91236	1.07357	1.11803	1.01411
9.78125	0.90340	1.08298	1.11825	1.01575
9.79375	0.91342	1.07738	1.10926	1.01598
9.80625	0.91045	1.07227	1.10106	1.01148
9.81875	0.91645	1.06804	1.09616	1.01117
9.83125	0.91621	1.07126	1.11156	1.01389
9.84375	0.92560	1.06953	1.09166	1.01522
9.85625	0.92537	1.06243	1.09473	1.01149
9.86875	0.92928	1.05915	1.09589	1.01131
9.88125	0.93465	1.05335	1.08074	1.00919
9.89375	0.93938	1.04928	1.07139	1.00817
9.90625	0.93826	1.04682	1.06847	1.00620
9.91875	0.94934	1.04379	1.06538	1.00864
9.93125	0.95186	1.03581	1.05914	1.00486
9.94375	0.95392	1.03923	1.06060	1.00761
9.95625	0.95881	1.03215	1.05923	1.00557
9.96875	0.96590	1.02470	1.04627	1.00338
9.98125	0.96866	1.02413	1.04923	1.00435
9.99375	0.97308	1.01493	1.03096	0.99981
