# ['bins', '4_fold', '5_fold', '6_fold', '5_fold_sbp', '5_fold_tbp', '5_fold_SBP', '5_fold_TBP']
0.00000	0.00000	0.00000	0.00000	0.00000	0.00000	0.00000	0.00000
0.00050	0.00000	0.00000	0.00000	0.00000	0.00000	0.00000	0.00000
0.00100	0.00000	0.00000	0.00000	0.00000	0.00000	0.00000	0.00000
0.00150	0.00000	0.00000	0.00000	0.00000	0.00000	0.00000	0.00000
0.00200	0.00000	0.00000	0.00000	0.00000	0.00000	0.00000	0.00000
0.00250	0.00000	0.00000	0.00000	0.00000	0.00000	0.00000	0.00000
0.00300	0.00000	0.00000	0.00000	0.00000	0.00000	0.00000	0.00000
0.00350	0.00000	0.00000	0.00000	0.00000	0.00000	0.00000	0.00000
0.00400	0.00000	0.00000	0.00000	0.00000	0.00000	0.00000	0.00000
0.00450	0.00000	0.00000	0.00000	0.00000	0.00000	0.00000	0.00000
0.00501	0.00000	0.00000	0.00000	0.00000	0.00000	0.00000	0.00000
0.00551	0.00000	0.00000	0.00000	0.00000	0.00000	0.00000	0.00000
0.00601	0.00000	0.00000	0.00000	0.00000	0.00000	0.00000	0.00000
0.00651	0.00000	0.00000	0.00000	0.00000	0.00000	0.00000	0.00000
0.00701	0.00000	0.00000	0.00000	0.00000	0.00000	0.00000	0.00000
0.00751	0.00000	0.00000	0.00000	0.00000	0.00000	0.00000	0.00000
0.00801	0.00000	0.00000	0.00000	0.00000	0.00000	0.00000	0.00000
0.00851	0.00000	0.00000	0.00000	0.00000	0.00000	0.00000	0.00000
0.00901	0.00000	0.00000	0.00000	0.00000	0.00000	0.00000	0.00000
0.00951	0.00000	0.00000	0.00000	0.00000	0.00000	0.00000	0.00000
0.01001	0.00000	0.00000	0.00000	0.00000	0.00000	0.00000	0.00000
0.01051	0.00000	0.00000	0.00000	0.00000	0.00000	0.00000	0.00000
0.01101	0.00000	0.00000	0.00000	0.00000	0.00000	0.00000	0.00000
0.01151	0.00000	0.00000	0.00000	0.00000	0.00000	0.00000	0.00000
0.01201	0.00000	0.00000	0.00000	0.00000	0.00000	0.00000	0.00000
0.01251	0.00000	0.00000	0.00000	0.00000	0.00000	0.00000	0.00000
0.01301	0.00000	0.00000	0.00000	0.00000	0.00000	0.00000	0.00000
0.01351	0.00000	0.00000	0.00000	0.00000	0.00000	0.00000	0.00000
0.01401	0.00000	0.00000	0.00000	0.00000	0.00000	0.00000	0.00000
0.01451	0.00000	0.00000	0.00000	0.00000	0.00000	0.00000	0.00000
0.01502	0.00000	0.00000	0.00000	0.00000	0.00000	0.00000	0.00000
0.01552	0.00000	0.00000	0.00000	0.00000	0.00000	0.00000	0.00000
0.01602	0.00000	0.00000	0.00000	0.00000	0.00000	0.00000	0.00000
0.01652	0.00000	0.00000	0.00000	0.00000	0.00000	0.00000	0.00000
0.01702	0.00000	0.00000	0.00000	0.00000	0.00000	0.00000	0.00000
0.01752	0.00000	0.00000	0.00000	0.00000	0.00000	0.00000	0.00000
0.01802	0.00000	0.00000	0.00000	0.00000	0.00000	0.00000	0.00000
0.01852	0.00000	0.00000	0.00000	0.00000	0.00000	0.00000	0.00000
0.01902	0.00000	0.00000	0.00000	0.00000	0.00000	0.00000	0.00000
0.01952	0.00000	0.00000	0.00000	0.00000	0.00000	0.00000	0.00000
0.02002	0.00000	0.00000	0.00000	0.00000	0.00000	0.00000	0.00000
0.02052	0.00000	0.00000	0.00000	0.00000	0.00000	0.00000	0.00000
0.02102	0.00000	0.00000	0.00000	0.00000	0.00000	0.00000	0.00000
0.02152	0.00000	0.00000	0.00000	0.00000	0.00000	0.00000	0.00000
0.02202	0.00000	0.00000	0.00000	0.00000	0.00000	0.00000	0.00000
0.02252	0.00000	0.00000	0.00000	0.00000	0.00000	0.00000	0.00000
0.02302	0.00000	0.00000	0.00000	0.00000	0.00000	0.00000	0.00000
0.02352	0.00000	0.00000	0.00000	0.00000	0.00000	0.00000	0.00000
0.02402	0.00000	0.00000	0.00000	0.00000	0.00000	0.00000	0.00000
0.02452	0.00000	0.00000	0.00000	0.00000	0.00000	0.00000	0.00000
0.02503	0.00000	0.00000	0.00000	0.00000	0.00000	0.00000	0.00000
0.02553	0.00000	0.00000	0.00000	0.00000	0.00000	0.00000	0.00000
0.02603	0.00000	0.00000	0.00000	0.00000	0.00000	0.00000	0.00000
0.02653	0.00000	0.00000	0.00000	0.00000	0.00000	0.00000	0.00000
0.02703	0.00000	0.00000	0.00000	0.00000	0.00000	0.00000	0.00000
0.02753	0.00000	0.00000	0.00000	0.00000	0.00000	0.00000	0.00000
0.02803	0.00000	0.00000	0.00000	0.00000	0.00000	0.00000	0.00000
0.02853	0.00000	0.00000	0.00000	0.00000	0.00000	0.00000	0.00000
0.02903	0.00000	0.00000	0.00000	0.00000	0.00000	0.00000	0.00000
0.02953	0.00000	0.00000	0.00000	0.00000	0.00000	0.00000	0.00000
0.03003	0.00000	0.00000	0.00000	0.00000	0.00000	0.00000	0.00000
0.03053	0.00000	0.00000	0.00000	0.00000	0.00000	0.00000	0.00000
0.03103	0.00000	0.00000	0.00000	0.00000	0.00000	0.00000	0.00000
0.03153	0.00000	0.00000	0.00000	0.00000	0.00000	0.00000	0.00000
0.03203	0.00000	0.00000	0.00000	0.00000	0.00000	0.00000	0.00000
0.03253	0.00000	0.00000	0.00000	0.00000	0.00000	0.00000	0.00000
0.03303	0.00000	0.00000	0.00000	0.00000	0.00000	0.00000	0.00000
0.03353	0.00000	0.00000	0.00000	0.00000	0.00000	0.00000	0.00000
0.03403	0.00000	0.00000	0.00000	0.00000	0.00000	0.00000	0.00000
0.03453	0.00000	0.00000	0.00000	0.00000	0.00000	0.00000	0.00000
0.03504	0.00000	0.00000	0.00000	0.00000	0.00000	0.00000	0.00000
0.03554	0.00000	0.00000	0.00000	0.00000	0.00000	0.00000	0.00000
0.03604	0.00000	0.00000	0.00000	0.00000	0.00000	0.00000	0.00000
0.03654	0.00000	0.00000	0.00000	0.00000	0.00000	0.00000	0.00000
0.03704	0.00000	0.00000	0.00000	0.00000	0.00000	0.00000	0.00000
0.03754	0.00000	0.00000	0.00000	0.00000	0.00000	0.00000	0.00000
0.03804	0.00000	0.00000	0.00000	0.00000	0.00000	0.00000	0.00000
0.03854	0.00000	0.00000	0.00000	0.00000	0.00000	0.00000	0.00000
0.03904	0.00000	0.00000	0.00000	0.00000	0.00000	0.00000	0.00000
0.03954	0.00000	0.00000	0.00000	0.00000	0.00000	0.00000	0.00000
0.04004	0.00000	0.00000	0.00000	0.00000	0.00000	0.00000	0.00000
0.04054	0.00000	0.00000	0.00000	0.00000	0.00000	0.00000	0.00000
0.04104	0.00000	0.00000	0.00000	0.00000	0.00000	0.00000	0.00000
0.04154	0.00000	0.00000	0.00000	0.00000	0.00000	0.00000	0.00000
0.04204	0.00000	0.00000	0.00000	0.00000	0.00000	0.00000	0.00000
0.04254	0.00000	0.00000	0.00000	0.00000	0.00000	0.00000	0.00000
0.04304	0.00000	0.00000	0.00000	0.00000	0.00000	0.00000	0.00000
0.04354	0.00000	0.00000	0.00000	0.00000	0.00000	0.00000	0.00000
0.04404	0.00000	0.00000	0.00000	0.00000	0.00000	0.00000	0.00000
0.04454	0.00000	0.00000	0.00000	0.00000	0.00000	0.00000	0.00000
0.04505	0.00000	0.00000	0.00000	0.00000	0.00000	0.00000	0.00000
0.04555	0.00000	0.00000	0.00000	0.00000	0.00000	0.00000	0.00000
0.04605	0.00000	0.00000	0.00000	0.00000	0.00000	0.00000	0.00000
0.04655	0.00000	0.00000	0.00000	0.00000	0.00000	0.00000	0.00000
0.04705	0.00000	0.00000	0.00000	0.00000	0.00000	0.00000	0.00000
0.04755	0.00000	0.00000	0.00000	0.00000	0.00000	0.00000	0.00000
0.04805	0.00000	0.00000	0.00000	0.00000	0.00000	0.00000	0.00000
0.04855	0.00000	0.00000	0.00000	0.00000	0.00000	0.00000	0.00000
0.04905	0.00000	0.00000	0.00000	0.00000	0.00000	0.00000	0.00000
0.04955	0.00000	0.00000	0.00000	0.00000	0.00000	0.00000	0.00000
0.05005	0.00000	0.00000	0.00000	0.00000	0.00000	0.00000	0.00000
0.05055	0.00000	0.00000	0.00000	0.00000	0.00000	0.00000	0.00000
0.05105	0.00000	0.00000	0.00000	0.00000	0.00000	0.00000	0.00000
0.05155	0.00000	0.00000	0.00000	0.00000	0.00000	0.00000	0.00000
0.05205	0.00000	0.00000	0.00000	0.00000	0.00000	0.00000	0.00000
0.05255	0.00000	0.00000	0.00000	0.00000	0.00000	0.00000	0.00000
0.05305	0.00000	0.00000	0.00000	0.00000	0.00000	0.00000	0.00000
0.05355	0.00000	0.00000	0.00000	0.00000	0.00000	0.00000	0.00000
0.05405	0.00000	0.00000	0.00000	0.00000	0.00000	0.00000	0.00000
0.05455	0.00000	0.00000	0.00000	0.00000	0.00000	0.00000	0.00000
0.05506	0.00000	0.00000	0.00000	0.00000	0.00000	0.00000	0.00000
0.05556	0.00000	0.00000	0.00000	0.00000	0.00000	0.00000	0.00000
0.05606	0.00000	0.00000	0.00000	0.00000	0.00000	0.00000	0.00000
0.05656	0.00000	0.00000	0.00000	0.00000	0.00000	0.00000	0.00000
0.05706	0.00000	0.00000	0.00000	0.00000	0.00000	0.00000	0.00000
0.05756	0.00000	0.00000	0.00000	0.00000	0.00000	0.00000	0.00000
0.05806	0.00000	0.00000	0.00000	0.00000	0.00000	0.00000	0.00000
0.05856	0.00000	0.00000	0.00000	0.00000	0.00000	0.00000	0.00000
0.05906	0.00000	0.00000	0.00000	0.00000	0.00000	0.00000	0.00000
0.05956	0.00000	0.00000	0.00000	0.00000	0.00000	0.00000	0.00000
0.06006	0.00000	0.00000	0.00000	0.00000	0.00000	0.00000	0.00000
0.06056	0.00000	0.00000	0.00000	0.00000	0.00000	0.00000	0.00000
0.06106	0.00000	0.00000	0.00000	0.00000	0.00000	0.00000	0.00000
0.06156	0.00000	0.00000	0.00000	0.00000	0.00000	0.00000	0.00000
0.06206	0.00000	0.00000	0.00000	0.00000	0.00000	0.00000	0.00000
0.06256	0.00000	0.00000	0.00000	0.00000	0.00000	0.00000	0.00000
0.06306	0.00000	0.00000	0.00000	0.00000	0.00000	0.00000	0.00000
0.06356	0.00000	0.00000	0.00000	0.00000	0.00000	0.00000	0.00000
0.06406	0.00000	0.00000	0.00000	0.00000	0.00000	0.00000	0.00000
0.06456	0.00000	0.00000	0.00000	0.00000	0.00000	0.00000	0.00000
0.06507	0.00000	0.00000	0.00000	0.00000	0.00000	0.00000	0.00000
0.06557	0.00000	0.00000	0.00000	0.00000	0.00000	0.00000	0.00000
0.06607	0.00000	0.00000	0.00000	0.00000	0.00000	0.00000	0.00000
0.06657	0.00000	0.00000	0.00000	0.00000	0.00000	0.00000	0.00000
0.06707	0.00000	0.00000	0.00000	0.00000	0.00000	0.00000	0.00000
0.06757	0.00000	0.00000	0.00000	0.00000	0.00000	0.00000	0.00000
0.06807	0.00000	0.00000	0.00000	0.00000	0.00000	0.00000	0.00000
0.06857	0.00000	0.00000	0.00000	0.00000	0.00000	0.00000	0.00000
0.06907	0.00000	0.00000	0.00000	0.00000	0.00000	0.00000	0.00000
0.06957	0.00000	0.00000	0.00000	0.00000	0.00000	0.00000	0.00000
0.07007	0.00000	0.00000	0.00000	0.00000	0.00000	0.00000	0.00000
0.07057	0.00000	0.00000	0.00000	0.00000	0.00000	0.00000	0.00000
0.07107	0.00000	0.00000	0.00000	0.00000	0.00000	0.00000	0.00000
0.07157	0.00000	0.00000	0.00000	0.00000	0.00000	0.00000	0.00000
0.07207	0.00000	0.00000	0.00000	0.00000	0.00000	0.00000	0.00000
0.07257	0.00000	0.00000	0.00000	0.00000	0.00000	0.00000	0.00000
0.07307	0.00000	0.00000	0.00000	0.00000	0.00000	0.00000	0.00000
0.07357	0.00000	0.00000	0.00000	0.00000	0.00000	0.00000	0.00000
0.07407	0.00000	0.00000	0.00000	0.00000	0.00000	0.00000	0.00000
0.07457	0.00000	0.00000	0.00000	0.00000	0.00000	0.00000	0.00000
0.07508	0.00000	0.00000	0.00000	0.00000	0.00000	0.00000	0.00000
0.07558	0.00000	0.00000	0.00000	0.00000	0.00000	0.00000	0.00000
0.07608	0.00000	0.00000	0.00000	0.00000	0.00000	0.00000	0.00000
0.07658	0.00000	0.00000	0.00000	0.00000	0.00000	0.00000	0.00000
0.07708	0.00000	0.00000	0.00000	0.00000	0.00000	0.00000	0.00000
0.07758	0.00000	0.00000	0.00000	0.00000	0.00000	0.00000	0.00000
0.07808	0.00000	0.00000	0.00000	0.00000	0.00000	0.00000	0.00000
0.07858	0.00000	0.00000	0.00000	0.00000	0.00000	0.00000	0.00000
0.07908	0.00000	0.00000	0.00000	0.00000	0.00000	0.00000	0.00000
0.07958	0.00000	0.00000	0.00000	0.00000	0.00000	0.00000	0.00000
0.08008	0.00000	0.00000	0.00000	0.00000	0.00000	0.00000	0.00000
0.08058	0.00000	0.00000	0.00000	0.00000	0.00000	0.00000	0.00000
0.08108	0.00000	0.00000	0.00000	0.00000	0.00000	0.00000	0.00000
0.08158	0.00000	0.00000	0.00000	0.00000	0.00000	0.00000	0.00000
0.08208	0.00000	0.00000	0.00000	0.00000	0.00000	0.00000	0.00000
0.08258	0.00000	0.00000	0.00000	0.00000	0.00000	0.00000	0.00000
0.08308	0.00000	0.00000	0.00000	0.00000	0.00000	0.00000	0.00000
0.08358	0.00000	0.00000	0.00000	0.00000	0.00000	0.00000	0.00000
0.08408	0.00000	0.00000	0.00000	0.00000	0.00000	0.00000	0.00000
0.08458	0.00000	0.00000	0.00000	0.00000	0.00000	0.00000	0.00000
0.08509	0.00000	0.00000	0.00000	0.00000	0.00000	0.00000	0.00000
0.08559	0.00000	0.00000	0.00000	0.00000	0.00000	0.00000	0.00000
0.08609	0.00000	0.00000	0.00000	0.00000	0.00000	0.00000	0.00000
0.08659	0.00000	0.00000	0.00000	0.00000	0.00000	0.00000	0.00000
0.08709	0.00000	0.00000	0.00000	0.00000	0.00000	0.00000	0.00000
0.08759	0.00000	0.00000	0.00000	0.00000	0.00000	0.00000	0.00000
0.08809	0.00000	0.00000	0.00000	0.00000	0.00000	0.00000	0.00000
0.08859	0.00000	0.00000	0.00000	0.00000	0.00000	0.00000	0.00000
0.08909	0.00000	0.00000	0.00000	0.00000	0.00000	0.00000	0.00000
0.08959	0.00000	0.00000	0.00000	0.00000	0.00000	0.00000	0.00000
0.09009	0.00000	0.00000	0.00000	0.00000	0.00000	0.00000	0.00000
0.09059	0.00000	0.00000	0.00000	0.00000	0.00000	0.00000	0.00000
0.09109	0.00000	0.00000	0.00000	0.00000	0.00000	0.00000	0.00000
0.09159	0.00000	0.00000	0.00000	0.00000	0.00000	0.00000	0.00000
0.09209	0.00000	0.00000	0.00000	0.00000	0.00000	0.00000	0.00000
0.09259	0.00000	0.00000	0.00000	0.00000	0.00000	0.00000	0.00000
0.09309	0.00000	0.00000	0.00000	0.00000	0.00000	0.00000	0.00000
0.09359	0.00000	0.00000	0.00000	0.00000	0.00000	0.00000	0.00000
0.09409	0.00000	0.00000	0.00000	0.00000	0.00000	0.00000	0.00000
0.09459	0.00000	0.00000	0.00000	0.00000	0.00000	0.00000	0.00000
0.09510	0.00000	0.00000	0.00000	0.00000	0.00000	0.00000	0.00000
0.09560	0.00000	0.00000	0.00000	0.00000	0.00000	0.00000	0.00000
0.09610	0.00000	0.00000	0.00000	0.00000	0.00000	0.00000	0.00000
0.09660	0.00000	0.00000	0.00000	0.00000	0.00000	0.00000	0.00000
0.09710	0.00000	0.00000	0.00000	0.00000	0.00000	0.00000	0.00000
0.09760	0.00000	0.00000	0.00000	0.00000	0.00000	0.00000	0.00000
0.09810	0.00000	0.00000	0.00000	0.00000	0.00000	0.00000	0.00000
0.09860	0.00000	0.00000	0.00000	0.00000	0.00000	0.00000	0.00000
0.09910	0.00000	0.00000	0.00000	0.00000	0.00000	0.00000	0.00000
0.09960	0.00000	0.00000	0.00000	0.00000	0.00000	0.00000	0.00000
0.10010	0.00000	0.00000	0.00000	0.00000	0.00000	0.00000	0.00000
0.10060	0.00000	0.00000	0.00000	0.00000	0.00000	0.00000	0.00000
0.10110	0.00000	0.00000	0.00000	0.00000	0.00000	0.00000	0.00000
0.10160	0.00000	0.00000	0.00000	0.00000	0.00000	0.00000	0.00000
0.10210	0.00000	0.00000	0.00000	0.00000	0.00000	0.00000	0.00000
0.10260	0.00000	0.00000	0.00000	0.00000	0.00000	0.00000	0.00000
0.10310	0.00000	0.00000	0.00000	0.00000	0.00000	0.00000	0.00000
0.10360	0.00000	0.00000	0.00000	0.00000	0.00000	0.00000	0.00000
0.10410	0.00000	0.00000	0.00000	0.00000	0.00000	0.00000	0.00000
0.10460	0.00000	0.00000	0.00000	0.00000	0.00000	0.00000	0.00000
0.10511	0.00000	0.00000	0.00000	0.00000	0.00000	0.00000	0.00000
0.10561	0.00000	0.00000	0.00000	0.00000	0.00000	0.00000	0.00000
0.10611	0.00000	0.00000	0.00000	0.00000	0.00000	0.00000	0.00000
0.10661	0.00000	0.00000	0.00000	0.00000	0.00000	0.00000	0.00000
0.10711	0.00000	0.00000	0.00000	0.00000	0.00000	0.00000	0.00000
0.10761	0.00000	0.00000	0.00000	0.00000	0.00000	0.00000	0.00000
0.10811	0.00000	0.00000	0.00000	0.00000	0.00000	0.00000	0.00000
0.10861	0.00000	0.00000	0.00000	0.00000	0.00000	0.00000	0.00000
0.10911	0.00000	0.00000	0.00000	0.00000	0.00000	0.00000	0.00000
0.10961	0.00000	0.00000	0.00000	0.00000	0.00000	0.00000	0.00000
0.11011	0.00000	0.00000	0.00000	0.00000	0.00000	0.00000	0.00000
0.11061	0.00000	0.00000	0.00000	0.00000	0.00000	0.00000	0.00000
0.11111	0.00000	0.00000	0.00000	0.00000	0.00000	0.00000	0.00000
0.11161	0.00000	0.00000	0.00000	0.00000	0.00000	0.00000	0.00000
0.11211	0.00000	0.00000	0.00000	0.00000	0.00000	0.00000	0.00000
0.11261	0.00000	0.00000	0.00000	0.00000	0.00000	0.00000	0.00000
0.11311	0.00000	0.00000	0.00000	0.00000	0.00000	0.00000	0.00000
0.11361	0.00000	0.00000	0.00000	0.00000	0.00000	0.00000	0.00000
0.11411	0.00000	0.00000	0.00000	0.00000	0.00000	0.00000	0.00000
0.11461	0.00000	0.00000	0.00000	0.00000	0.00000	0.00000	0.00000
0.11512	0.00000	0.00000	0.00000	0.00000	0.00000	0.00000	0.00000
0.11562	0.00000	0.00000	0.00000	0.00000	0.00000	0.00000	0.00000
0.11612	0.00000	0.00000	0.00000	0.00000	0.00000	0.00000	0.00000
0.11662	0.00000	0.00000	0.00000	0.00000	0.00000	0.00000	0.00000
0.11712	0.00000	0.00000	0.00000	0.00000	0.00000	0.00000	0.00000
0.11762	0.00000	0.00000	0.00000	0.00000	0.00000	0.00000	0.00000
0.11812	0.00000	0.00000	0.00000	0.00000	0.00000	0.00000	0.00000
0.11862	0.00000	0.00000	0.00000	0.00000	0.00000	0.00000	0.00000
0.11912	0.00000	0.00000	0.00000	0.00000	0.00000	0.00000	0.00000
0.11962	0.00000	0.00000	0.00000	0.00000	0.00000	0.00000	0.00000
0.12012	0.00000	0.00000	0.00000	0.00000	0.00000	0.00000	0.00000
0.12062	0.00000	0.00000	0.00000	0.00000	0.00000	0.00000	0.00000
0.12112	0.00000	0.00000	0.00000	0.00000	0.00000	0.00000	0.00000
0.12162	0.00000	0.00000	0.00000	0.00000	0.00000	0.00000	0.00000
0.12212	0.00000	0.00000	0.00000	0.00000	0.00000	0.00000	0.00000
0.12262	0.00000	0.00000	0.00000	0.00000	0.00000	0.00000	0.00000
0.12312	0.00000	0.00000	0.00000	0.00000	0.00000	0.00000	0.00000
0.12362	0.00000	0.00000	0.00000	0.00000	0.00000	0.00000	0.00000
0.12412	0.00000	0.00000	0.00000	0.00000	0.00000	0.00000	0.00000
0.12462	0.00000	0.00000	0.00000	0.00000	0.00000	0.00000	0.00000
0.12513	0.00000	0.00000	0.00000	0.00000	0.00000	0.00000	0.00000
0.12563	0.00000	0.00000	0.00000	0.00000	0.00000	0.00000	0.00000
0.12613	0.00000	0.00000	0.00000	0.00000	0.00000	0.00000	0.00000
0.12663	0.00000	0.00000	0.00000	0.00000	0.00000	0.00000	0.00000
0.12713	0.00000	0.00000	0.00000	0.00000	0.00000	0.00000	0.00000
0.12763	0.00000	0.00000	0.00000	0.00000	0.00000	0.00000	0.00000
0.12813	0.00000	0.00000	0.00000	0.00000	0.00000	0.00000	0.00000
0.12863	0.00000	0.00000	0.00000	0.00000	0.00000	0.00000	0.00000
0.12913	0.00000	0.00000	0.00000	0.00000	0.00000	0.00000	0.00000
0.12963	0.00000	0.00000	0.00000	0.00000	0.00000	0.00000	0.00000
0.13013	0.00000	0.00000	0.00000	0.00000	0.00000	0.00000	0.00000
0.13063	0.00000	0.00000	0.00000	0.00000	0.00000	0.00000	0.00000
0.13113	0.00000	0.00000	0.00000	0.00000	0.00000	0.00000	0.00000
0.13163	0.00000	0.00000	0.00000	0.00000	0.00000	0.00000	0.00000
0.13213	0.00000	0.00000	0.00000	0.00000	0.00000	0.00000	0.00000
0.13263	0.00000	0.00000	0.00000	0.00000	0.00000	0.00000	0.00000
0.13313	0.00000	0.00000	0.00000	0.00000	0.00000	0.00000	0.00000
0.13363	0.00000	0.00000	0.00000	0.00000	0.00000	0.00000	0.00000
0.13413	0.00000	0.00000	0.00000	0.00000	0.00000	0.00000	0.00000
0.13463	0.00000	0.00000	0.00000	0.00000	0.00000	0.00000	0.00000
0.13514	0.00000	0.00000	0.00000	0.00000	0.00000	0.00000	0.00000
0.13564	0.00000	0.00000	0.00000	0.00000	0.00000	0.00000	0.00000
0.13614	0.00000	0.00000	0.00000	0.00000	0.00000	0.00000	0.00000
0.13664	0.00000	0.00000	0.00000	0.00000	0.00000	0.00000	0.00000
0.13714	0.00000	0.00000	0.00000	0.00000	0.00000	0.00000	0.00000
0.13764	0.00000	0.00000	0.00000	0.00000	0.00000	0.00000	0.00000
0.13814	0.00000	0.00000	0.00000	0.00000	0.00000	0.00000	0.00000
0.13864	0.00000	0.00000	0.00000	0.00000	0.00000	0.00000	0.00000
0.13914	0.00000	0.00000	0.00000	0.00000	0.00000	0.00000	0.00000
0.13964	0.00000	0.00000	0.00000	0.00000	0.00000	0.00000	0.00000
0.14014	0.00000	0.00000	0.00000	0.00000	0.00000	0.00000	0.00000
0.14064	0.00000	0.00000	0.00000	0.00000	0.00000	0.00000	0.00000
0.14114	0.00000	0.00000	0.00000	0.00000	0.00000	0.00000	0.00000
0.14164	0.00000	0.00000	0.00000	0.00000	0.00000	0.00000	0.00000
0.14214	0.00000	0.00000	0.00000	0.00000	0.00000	0.00000	0.00000
0.14264	0.00000	0.00000	0.00000	0.00000	0.00000	0.00000	0.00000
0.14314	0.00000	0.00000	0.00000	0.00000	0.00000	0.00000	0.00000
0.14364	0.00000	0.00000	0.00000	0.00000	0.00000	0.00000	0.00000
0.14414	0.00000	0.00000	0.00000	0.00000	0.00000	0.00000	0.00000
0.14464	0.00000	0.00000	0.00000	0.00000	0.00000	0.00000	0.00000
0.14515	0.00000	0.00000	0.00000	0.00000	0.00000	0.00000	0.00000
0.14565	0.00000	0.00000	0.00000	0.00000	0.00000	0.00000	0.00000
0.14615	0.00000	0.00000	0.00000	0.00000	0.00000	0.00000	0.00000
0.14665	0.00000	0.00000	0.00000	0.00000	0.00000	0.00000	0.00000
0.14715	0.00000	0.00000	0.00000	0.00000	0.00000	0.00000	0.00000
0.14765	0.00000	0.00000	0.00000	0.00000	0.00000	0.00000	0.00000
0.14815	0.00000	0.00000	0.00000	0.00000	0.00000	0.00000	0.00000
0.14865	0.00000	0.00000	0.00000	0.00000	0.00000	0.00000	0.00000
0.14915	0.00000	0.00000	0.00000	0.00000	0.00000	0.00000	0.00000
0.14965	0.00000	0.00000	0.00000	0.00000	0.00000	0.00000	0.00000
0.15015	0.00000	0.00000	0.00000	0.00000	0.00000	0.00000	0.00000
0.15065	0.00000	0.00000	0.00000	0.00000	0.00000	0.00000	0.00000
0.15115	0.00000	0.00000	0.00000	0.00000	0.00000	0.00000	0.00000
0.15165	0.00000	0.00000	0.00000	0.00000	0.00000	0.00000	0.00000
0.15215	0.00000	0.00000	0.00000	0.00000	0.00000	0.00000	0.00000
0.15265	0.00000	0.00000	0.00000	0.00000	0.00000	0.00000	0.00000
0.15315	0.00000	0.00000	0.00000	0.00000	0.00000	0.00000	0.00000
0.15365	0.00000	0.00000	0.00000	0.00000	0.00000	0.00000	0.00000
0.15415	0.00000	0.00000	0.00000	0.00000	0.00000	0.00000	0.00000
0.15465	0.00000	0.00000	0.00000	0.00000	0.00000	0.00000	0.00000
0.15516	0.00000	0.00000	0.00000	0.00000	0.00000	0.00000	0.00000
0.15566	0.00000	0.00000	0.00000	0.00000	0.00000	0.00000	0.00000
0.15616	0.00000	0.00000	0.00000	0.00000	0.00000	0.00000	0.00000
0.15666	0.00000	0.00000	0.00000	0.00000	0.00000	0.00000	0.00000
0.15716	0.00000	0.00000	0.00000	0.00000	0.00000	0.00000	0.00000
0.15766	0.00000	0.00000	0.00000	0.00000	0.00000	0.00000	0.00000
0.15816	0.00000	0.00000	0.00000	0.00000	0.00000	0.00000	0.00000
0.15866	0.00000	0.00000	0.00000	0.00000	0.00000	0.00000	0.00000
0.15916	0.00000	0.00000	0.00000	0.00000	0.00000	0.00000	0.00000
0.15966	0.00000	0.00000	0.00000	0.00000	0.00000	0.00000	0.00000
0.16016	0.00000	0.00000	0.00000	0.00000	0.00000	0.00000	0.00000
0.16066	0.00000	0.00000	0.00000	0.00000	0.00000	0.00000	0.00000
0.16116	0.00000	0.00000	0.00000	0.00000	0.00000	0.00000	0.00000
0.16166	0.00000	0.00000	0.00000	0.00000	0.00000	0.00000	0.00000
0.16216	0.00000	0.00000	0.00000	0.00000	0.00000	0.00000	0.00000
0.16266	0.00000	0.00000	0.00000	0.00000	0.00000	0.00000	0.00000
0.16316	0.00000	0.00000	0.00000	0.00000	0.00000	0.00000	0.00000
0.16366	0.00000	0.00000	0.00000	0.00000	0.00000	0.00000	0.00000
0.16416	0.00000	0.00000	0.00000	0.00000	0.00000	0.00000	0.00000
0.16466	0.00000	0.00000	0.00000	0.00000	0.00000	0.00000	0.00000
0.16517	0.00000	0.00000	0.00000	0.00000	0.00000	0.00000	0.00000
0.16567	0.00000	0.00000	0.00000	0.00000	0.00000	0.00000	0.00000
0.16617	0.00000	0.00000	0.00000	0.00000	0.00000	0.00000	0.00000
0.16667	0.00000	0.00000	0.00000	0.00000	0.00000	0.00000	0.00000
0.16717	0.00000	0.00000	0.00000	0.00000	0.00000	0.00000	0.00000
0.16767	0.00000	0.00000	0.00000	0.00000	0.00000	0.00000	0.00000
0.16817	0.00000	0.00000	0.00000	0.00000	0.00000	0.00000	0.00000
0.16867	0.00000	0.00000	0.00000	0.00000	0.00000	0.00000	0.00000
0.16917	0.00000	0.00000	0.00000	0.00000	0.00000	0.00000	0.00000
0.16967	0.00000	0.00000	0.00000	0.00000	0.00000	0.00000	0.00000
0.17017	0.00000	0.00000	0.00000	0.00000	0.00000	0.00000	0.00000
0.17067	0.00000	0.00000	0.00000	0.00000	0.00000	0.00000	0.00000
0.17117	0.00000	0.00000	0.00000	0.00000	0.00000	0.00000	0.00000
0.17167	0.00000	0.00000	0.00000	0.00000	0.00000	0.00000	0.00000
0.17217	0.00000	0.00000	0.00000	0.00000	0.00000	0.00000	0.00000
0.17267	0.00000	0.00000	0.00000	0.00000	0.00000	0.00000	0.00000
0.17317	0.00000	0.00000	0.00000	0.00000	0.00000	0.00000	0.00000
0.17367	0.00000	0.00000	0.00000	0.00000	0.00000	0.00000	0.00000
0.17417	0.00000	0.00000	0.00000	0.00000	0.00000	0.00000	0.00000
0.17467	0.00000	0.00000	0.00000	0.00000	0.00000	0.00000	0.00000
0.17518	0.00000	0.00000	0.00000	0.00000	0.00000	0.00000	0.00000
0.17568	0.00000	0.00000	0.00000	0.00000	0.00000	0.00000	0.00000
0.17618	0.00000	0.00000	0.00000	0.00000	0.00000	0.00000	0.00000
0.17668	0.00000	0.00000	0.00000	0.00000	0.00000	0.00000	0.00000
0.17718	0.00000	0.00000	0.00000	0.00000	0.00000	0.00000	0.00000
0.17768	0.00000	0.00000	0.00000	0.00000	0.00000	0.00000	0.00000
0.17818	0.00000	0.00000	0.00000	0.00000	0.00000	0.00000	0.00000
0.17868	0.00000	0.00000	0.00000	0.00000	0.00000	0.00000	0.00000
0.17918	0.00000	0.00000	0.00000	0.00000	0.00000	0.00000	0.00000
0.17968	0.00000	0.00000	0.00000	0.00000	0.00000	0.00000	0.00000
0.18018	0.00000	0.00000	0.00000	0.00000	0.00000	0.00000	0.00000
0.18068	0.00000	0.00000	0.00000	0.00000	0.00000	0.00000	0.00000
0.18118	0.00000	0.00000	0.00000	0.00000	0.00000	0.00000	0.00000
0.18168	0.00000	0.00000	0.00000	0.00000	0.00000	0.00000	0.00000
0.18218	0.00000	0.00000	0.00000	0.00000	0.00000	0.00000	0.00000
0.18268	0.00000	0.00000	0.00000	0.00000	0.00000	0.00000	0.00000
0.18318	0.00000	0.00000	0.00000	0.00000	0.00000	0.00000	0.00000
0.18368	0.00000	0.00000	0.00000	0.00000	0.00000	0.00000	0.00000
0.18418	0.00000	0.00000	0.00000	0.00000	0.00000	0.00000	0.00000
0.18468	0.00000	0.00000	0.00000	0.00000	0.00000	0.00000	0.00000
0.18519	0.00000	0.00000	0.00000	0.00000	0.00000	0.00000	0.00000
0.18569	0.00000	0.00000	0.00000	0.00000	0.00000	0.00000	0.00000
0.18619	0.00000	0.00000	0.00000	0.00000	0.00000	0.00000	0.00000
0.18669	0.00000	0.00000	0.00000	0.00000	0.00000	0.00000	0.00000
0.18719	0.00000	0.00000	0.00000	0.00000	0.00000	0.00000	0.00000
0.18769	0.00000	0.00000	0.00000	0.00000	0.00000	0.00000	0.00000
0.18819	0.00000	0.00000	0.00000	0.00000	0.00000	0.00000	0.00000
0.18869	0.00000	0.00000	0.00000	0.00000	0.00000	0.00000	0.00000
0.18919	0.00000	0.00000	0.00000	0.00000	0.00000	0.00000	0.00000
0.18969	0.00000	0.00000	0.00000	0.00000	0.00000	0.00000	0.00000
0.19019	0.00000	0.00000	0.00000	0.00000	0.00000	0.00000	0.00000
0.19069	0.00000	0.00000	0.00000	0.00000	0.00000	0.00000	0.00000
0.19119	0.00000	0.00000	0.00000	0.00000	0.00000	0.00000	0.00000
0.19169	0.00000	0.00000	0.00000	0.00000	0.00000	0.00000	0.00000
0.19219	0.00000	0.00000	0.00000	0.00000	0.00000	0.00000	0.00000
0.19269	0.00000	0.00000	0.00000	0.00000	0.00000	0.00000	0.00000
0.19319	0.00000	0.00000	0.00000	0.00000	0.00000	0.00000	0.00000
0.19369	0.00000	0.00000	0.00000	0.00000	0.00000	0.00000	0.00000
0.19419	0.00000	0.00000	0.00000	0.00000	0.00000	0.00000	0.00000
0.19469	0.00000	0.00000	0.00000	0.00000	0.00000	0.00000	0.00000
0.19520	0.00000	0.00000	0.00000	0.00000	0.00000	0.00000	0.00000
0.19570	0.00000	0.00000	0.00000	0.00000	0.00000	0.00000	0.00000
0.19620	0.00000	0.00000	0.00000	0.00000	0.00000	0.00000	0.00000
0.19670	0.00000	0.00000	0.00000	0.00000	0.00000	0.00000	0.00000
0.19720	0.00000	0.00000	0.00000	0.00000	0.00000	0.00000	0.00000
0.19770	0.00000	0.00000	0.00000	0.00000	0.00000	0.00000	0.00000
0.19820	0.00000	0.00000	0.00000	0.00000	0.00000	0.00000	0.00000
0.19870	0.00000	0.00000	0.00000	0.00000	0.00000	0.00000	0.00000
0.19920	0.00000	0.00000	0.00000	0.00000	0.00000	0.00000	0.00000
0.19970	0.00000	0.00000	0.00000	0.00000	0.00000	0.00000	0.00000
0.20020	0.00000	0.00000	0.00000	0.00000	0.00000	0.00000	0.00000
0.20070	0.00000	0.00000	0.00000	0.00000	0.00000	0.00000	0.00000
0.20120	0.00000	0.00000	0.00000	0.00000	0.00000	0.00000	0.00000
0.20170	0.00000	0.00000	0.00000	0.00000	0.00000	0.00000	0.00000
0.20220	0.00000	0.00000	0.00000	0.00000	0.00000	0.00000	0.00000
0.20270	0.00000	0.00000	0.00000	0.00000	0.00000	0.00000	0.00000
0.20320	0.00000	0.00000	0.00000	0.00000	0.00000	0.00000	0.00000
0.20370	0.00000	0.00000	0.00000	0.00000	0.00000	0.00000	0.00000
0.20420	0.00000	0.00000	0.00000	0.00000	0.00000	0.00000	0.00000
0.20470	0.00000	0.00000	0.00000	0.00000	0.00000	0.00000	0.00000
0.20521	0.00000	0.00000	0.00000	0.00000	0.00000	0.00000	0.00000
0.20571	0.00000	0.00000	0.00000	0.00000	0.00000	0.00000	0.00000
0.20621	0.00000	0.00000	0.00000	0.00000	0.00000	0.00000	0.00000
0.20671	0.00000	0.00000	0.00000	0.00000	0.00000	0.00000	0.00000
0.20721	0.00000	0.00000	0.00000	0.00000	0.00000	0.00000	0.00000
0.20771	0.00000	0.00000	0.00000	0.00000	0.00000	0.00000	0.00000
0.20821	0.00000	0.00000	0.00000	0.00000	0.00000	0.00000	0.00000
0.20871	0.00000	0.00000	0.00000	0.00000	0.00000	0.00000	0.00000
0.20921	0.00000	0.00000	0.00000	0.00000	0.00000	0.00000	0.00000
0.20971	0.00000	0.00000	0.00000	0.00000	0.00000	0.00000	0.00000
0.21021	0.00000	0.00000	0.00000	0.00000	0.00000	0.00000	0.00000
0.21071	0.00000	0.00000	0.00000	0.00000	0.00000	0.00000	0.00000
0.21121	0.00000	0.00000	0.00000	0.00000	0.00000	0.00000	0.00000
0.21171	0.00000	0.00000	0.00000	0.00000	0.00000	0.00000	0.00000
0.21221	0.00000	0.00000	0.00000	0.00000	0.00000	0.00000	0.00000
0.21271	0.00000	0.00000	0.00000	0.00000	0.00000	0.00000	0.00000
0.21321	0.00000	0.00000	0.00000	0.00000	0.00000	0.00000	0.00000
0.21371	0.00000	0.00000	0.00000	0.00000	0.00000	0.00000	0.00000
0.21421	0.00000	0.00000	0.00000	0.00000	0.00000	0.00000	0.00000
0.21471	0.00000	0.00000	0.00000	0.00000	0.00000	0.00000	0.00000
0.21522	0.00000	0.00000	0.00000	0.00000	0.00000	0.00000	0.00000
0.21572	0.00000	0.00000	0.00000	0.00000	0.00000	0.00000	0.00000
0.21622	0.00000	0.00000	0.00000	0.00000	0.00000	0.00000	0.00000
0.21672	0.00000	0.00000	0.00000	0.00000	0.00000	0.00000	0.00000
0.21722	0.00000	0.00000	0.00000	0.00000	0.00000	0.00000	0.00000
0.21772	0.00000	0.00000	0.00000	0.00000	0.00000	0.00000	0.00000
0.21822	0.00000	0.00000	0.00000	0.00000	0.00000	0.00000	0.00000
0.21872	0.00000	0.00000	0.00000	0.00000	0.00000	0.00000	0.00000
0.21922	0.00000	0.00000	0.00000	0.00000	0.00000	0.00000	0.00000
0.21972	0.00000	0.00000	0.00000	0.00000	0.00000	0.00000	0.00000
0.22022	0.00000	0.00000	0.00000	0.00000	0.00000	0.00000	0.00000
0.22072	0.00000	0.00000	0.00000	0.00000	0.00000	0.00000	0.00000
0.22122	0.00000	0.00000	0.00000	0.00000	0.00000	0.00000	0.00000
0.22172	0.00000	0.00000	0.00000	0.00000	0.00000	0.00000	0.00000
0.22222	0.00000	0.00000	0.00000	0.00000	0.00000	0.00000	0.00000
0.22272	0.00000	0.00000	0.00000	0.00000	0.00000	0.00000	0.00000
0.22322	0.00000	0.00000	0.00000	0.00000	0.00000	0.00000	0.00000
0.22372	0.00000	0.00000	0.00000	0.00000	0.00000	0.00000	0.00000
0.22422	0.00000	0.00000	0.00000	0.00000	0.00000	0.00000	0.00000
0.22472	0.00000	0.00000	0.00000	0.00000	0.00000	0.00000	0.00000
0.22523	0.00000	0.00000	0.00000	0.00000	0.00000	0.00000	0.00000
0.22573	0.00000	0.00000	0.00000	0.00000	0.00000	0.00000	0.00000
0.22623	0.00000	0.00000	0.00000	0.00000	0.00000	0.00000	0.00000
0.22673	0.00000	0.00000	0.00000	0.00000	0.00000	0.00000	0.00000
0.22723	0.00000	0.00000	0.00000	0.00000	0.00000	0.00000	0.00000
0.22773	0.00000	0.00000	0.00000	0.00000	0.00000	0.00000	0.00000
0.22823	0.00000	0.00000	0.00000	0.00000	0.00000	0.00000	0.00000
0.22873	0.00000	0.00000	0.00000	0.00000	0.00000	0.00000	0.00000
0.22923	0.00000	0.00000	0.00000	0.00000	0.00000	0.00000	0.00000
0.22973	0.00000	0.00000	0.00000	0.00000	0.00000	0.00000	0.00000
0.23023	0.00000	0.00000	0.00000	0.00000	0.00000	0.00000	0.00000
0.23073	0.00000	0.00000	0.00000	0.00000	0.00000	0.00000	0.00000
0.23123	0.00000	0.00000	0.00000	0.00000	0.00000	0.00000	0.00000
0.23173	0.00000	0.00000	0.00000	0.00000	0.00000	0.00000	0.00000
0.23223	0.00000	0.00000	0.00000	0.00000	0.00000	0.00000	0.00000
0.23273	0.00000	0.00000	0.00000	0.00000	0.00000	0.00000	0.00000
0.23323	0.00000	0.00000	0.00000	0.00000	0.00000	0.00000	0.00000
0.23373	0.00000	0.00000	0.00000	0.00000	0.00000	0.00000	0.00000
0.23423	0.00000	0.00000	0.00000	0.00000	0.00000	0.00000	0.00000
0.23473	0.00000	0.00000	0.00000	0.00000	0.00000	0.00000	0.00000
0.23524	0.00000	0.00000	0.00000	0.00000	0.00000	0.00000	0.00000
0.23574	0.00000	0.00000	0.00000	0.00000	0.00000	0.00000	0.00000
0.23624	0.00000	0.00000	0.00000	0.00000	0.00000	0.00000	0.00000
0.23674	0.00000	0.00000	0.00000	0.00000	0.00000	0.00000	0.00000
0.23724	0.00000	0.00000	0.00000	0.00000	0.00000	0.00000	0.00000
0.23774	0.00000	0.00000	0.00000	0.00000	0.00000	0.00000	0.00000
0.23824	0.00000	0.00000	0.00000	0.00000	0.00000	0.00000	0.00000
0.23874	0.00000	0.00000	0.00000	0.00000	0.00000	0.00000	0.00000
0.23924	0.00000	0.00000	0.00000	0.00000	0.00000	0.00000	0.00000
0.23974	0.00000	0.00000	0.00000	0.00000	0.00000	0.00000	0.00000
0.24024	0.00000	0.00000	0.00000	0.00000	0.00000	0.00000	0.00000
0.24074	0.00000	0.00000	0.00000	0.00000	0.00000	0.00000	0.00000
0.24124	0.00000	0.00000	0.00000	0.00000	0.00000	0.00000	0.00000
0.24174	0.00000	0.00000	0.00000	0.00000	0.00000	0.00000	0.00000
0.24224	0.00000	0.00000	0.00000	0.00000	0.00000	0.00000	0.00000
0.24274	0.00000	0.00000	0.00000	0.00000	0.00000	0.00000	0.00000
0.24324	0.00000	0.00000	0.00000	0.00000	0.00000	0.00000	0.00000
0.24374	0.00000	0.00000	0.00000	0.00000	0.00000	0.00000	0.00000
0.24424	0.00000	0.00000	0.00000	0.00000	0.00000	0.00000	0.00000
0.24474	0.00000	0.00000	0.00000	0.00000	0.00000	0.00000	0.00000
0.24525	0.00000	0.00000	0.00000	0.00000	0.00000	0.00000	0.00000
0.24575	0.00000	0.00000	0.00000	0.00000	0.00000	0.00000	0.00000
0.24625	0.00000	0.00000	0.00000	0.00000	0.00000	0.00000	0.00000
0.24675	0.00000	0.00000	0.00000	0.00000	0.00000	0.00000	0.00000
0.24725	0.00000	0.00000	0.00000	0.00000	0.00000	0.00000	0.00000
0.24775	0.00000	0.00000	0.00000	0.00000	0.00000	0.00000	0.00000
0.24825	0.00000	0.00000	0.00000	0.00000	0.00000	0.00000	0.00000
0.24875	0.00000	0.00000	0.00000	0.00000	0.00000	0.00000	0.00000
0.24925	0.00000	0.00000	0.00000	0.00000	0.00000	0.00000	0.00000
0.24975	0.00000	0.00000	0.00000	0.00000	0.00000	0.00000	0.00000
0.25025	0.00000	0.00000	0.00000	0.00000	0.00000	0.00000	0.00000
0.25075	0.00000	0.00000	0.00000	0.00000	0.00000	0.00000	0.00000
0.25125	0.00000	0.00000	0.00000	0.00000	0.00000	0.00000	0.00000
0.25175	0.00000	0.00000	0.00000	0.00000	0.00000	0.00000	0.00000
0.25225	0.00000	0.00000	0.00000	0.00000	0.00000	0.00000	0.00000
0.25275	0.00000	0.00000	0.00000	0.00000	0.00000	0.00000	0.00000
0.25325	0.00000	0.00000	0.00000	0.00000	0.00000	0.00000	0.00000
0.25375	0.00000	0.00000	0.00000	0.00000	0.00000	0.00000	0.00000
0.25425	0.00000	0.00000	0.00000	0.00000	0.00000	0.00000	0.00000
0.25475	0.00000	0.00000	0.00000	0.00000	0.00000	0.00000	0.00000
0.25526	0.00000	0.00000	0.00000	0.00000	0.00000	0.00000	0.00000
0.25576	0.00000	0.00000	0.00000	0.00000	0.00000	0.00000	0.00000
0.25626	0.00000	0.00000	0.00000	0.00000	0.00000	0.00000	0.00000
0.25676	0.00000	0.00000	0.00000	0.00000	0.00000	0.00000	0.00000
0.25726	0.00000	0.00000	0.00000	0.00000	0.00000	0.00000	0.00000
0.25776	0.00000	0.00000	0.00000	0.00000	0.00000	0.00000	0.00000
0.25826	0.00000	0.00000	0.00000	0.00000	0.00000	0.00000	0.00000
0.25876	0.00000	0.00000	0.00000	0.00000	0.00000	0.00000	0.00000
0.25926	0.00000	0.00000	0.00000	0.00000	0.00000	0.00000	0.00000
0.25976	0.00000	0.00000	0.00000	0.00000	0.00000	0.00000	0.00000
0.26026	0.00000	0.00000	0.00000	0.00000	0.00000	0.00000	0.00000
0.26076	0.00000	0.00000	0.00000	0.00000	0.00000	0.00000	0.00000
0.26126	0.00000	0.00000	0.00000	0.00000	0.00000	0.00000	0.00000
0.26176	0.00000	0.00000	0.00000	0.00000	0.00000	0.00000	0.00000
0.26226	0.00000	0.00000	0.00000	0.00000	0.00000	0.00000	0.00000
0.26276	0.00000	0.00000	0.00000	0.00000	0.00000	0.00000	0.00000
0.26326	0.00000	0.00000	0.00000	0.00000	0.00000	0.00000	0.00000
0.26376	0.00000	0.00000	0.00000	0.00000	0.00000	0.00000	0.00000
0.26426	0.00000	0.00000	0.00000	0.00000	0.00000	0.00000	0.00000
0.26476	0.00000	0.00000	0.00000	0.00000	0.00000	0.00000	0.00000
0.26527	0.00000	0.00000	0.00000	0.00000	0.00000	0.00000	0.00000
0.26577	0.00000	0.00000	0.00000	0.00000	0.00000	0.00000	0.00000
0.26627	0.00000	0.00000	0.00000	0.00000	0.00000	0.00000	0.00000
0.26677	0.00000	0.00000	0.00000	0.00000	0.00000	0.00000	0.00000
0.26727	0.00000	0.00000	0.00000	0.00000	0.00000	0.00000	0.00000
0.26777	0.00000	0.00000	0.00000	0.00000	0.00000	0.00000	0.00000
0.26827	0.00000	0.00000	0.00000	0.00000	0.00000	0.00000	0.00000
0.26877	0.00000	0.00000	0.00000	0.00000	0.00000	0.00000	0.00000
0.26927	0.00000	0.00000	0.00000	0.00000	0.00000	0.00000	0.00000
0.26977	0.00000	0.00000	0.00000	0.00000	0.00000	0.00000	0.00000
0.27027	0.00000	0.00000	0.00000	0.00000	0.00000	0.00000	0.00000
0.27077	0.00000	0.00000	0.00000	0.00000	0.00000	0.00000	0.00000
0.27127	0.00000	0.00000	0.00000	0.00000	0.00000	0.00000	0.00000
0.27177	0.00000	0.00000	0.00000	0.00000	0.00000	0.00000	0.00000
0.27227	0.00000	0.00000	0.00000	0.00000	0.00000	0.00000	0.00000
0.27277	0.00000	0.00000	0.00000	0.00000	0.00000	0.00000	0.00000
0.27327	0.00000	0.00000	0.00000	0.00000	0.00000	0.00000	0.00000
0.27377	0.00000	0.00000	0.00000	0.00000	0.00000	0.00000	0.00000
0.27427	0.00000	0.00000	0.00000	0.00000	0.00000	0.00000	0.00000
0.27477	0.00000	0.00000	0.00000	0.00000	0.00000	0.00000	0.00000
0.27528	0.00000	0.00000	0.00000	0.00000	0.00000	0.00000	0.00000
0.27578	0.00000	0.00000	0.00000	0.00000	0.00000	0.00000	0.00000
0.27628	0.00000	0.00000	0.00000	0.00000	0.00000	0.00000	0.00000
0.27678	0.00000	0.00000	0.00000	0.00000	0.00000	0.00000	0.00000
0.27728	0.00000	0.00000	0.00000	0.00000	0.00000	0.00000	0.00000
0.27778	0.00000	0.00000	0.00000	0.00000	0.00000	0.00000	0.00000
0.27828	0.00000	0.00000	0.00000	0.00000	0.00000	0.00000	0.00000
0.27878	0.00000	0.00000	0.00000	0.00000	0.00000	0.00000	0.00000
0.27928	0.00000	0.00000	0.00000	0.00000	0.00000	0.00000	0.00000
0.27978	0.00000	0.00000	0.00000	0.00000	0.00000	0.00000	0.00000
0.28028	0.00000	0.00000	0.00000	0.00000	0.00000	0.00000	0.00000
0.28078	0.00000	0.00000	0.00000	0.00000	0.00000	0.00000	0.00000
0.28128	0.00000	0.00000	0.00000	0.00000	0.00000	0.00000	0.00000
0.28178	0.00000	0.00000	0.00000	0.00000	0.00000	0.00000	0.00000
0.28228	0.00000	0.00000	0.00000	0.00000	0.00000	0.00000	0.00000
0.28278	0.00000	0.00000	0.00000	0.00000	0.00000	0.00000	0.00000
0.28328	0.00000	0.00000	0.00000	0.00000	0.00000	0.00000	0.00000
0.28378	0.00000	0.00000	0.00000	0.00000	0.00000	0.00000	0.00000
0.28428	0.00000	0.00000	0.00000	0.00000	0.00000	0.00000	0.00000
0.28478	0.00000	0.00000	0.00000	0.00000	0.00000	0.00000	0.00000
0.28529	0.00000	0.00000	0.00000	0.00000	0.00000	0.00000	0.00000
0.28579	0.00000	0.00000	0.00000	0.00000	0.00000	0.00000	0.00000
0.28629	0.00000	0.00000	0.00000	0.00000	0.00000	0.00000	0.00000
0.28679	0.00000	0.00000	0.00000	0.00000	0.00000	0.00000	0.00000
0.28729	0.00000	0.00000	0.00000	0.00000	0.00000	0.00000	0.00000
0.28779	0.00000	0.00000	0.00000	0.00000	0.00000	0.00000	0.00000
0.28829	0.00000	0.00000	0.00000	0.00000	0.00000	0.00000	0.00000
0.28879	0.00000	0.00000	0.00000	0.00000	0.00000	0.00000	0.00000
0.28929	0.00000	0.00000	0.00000	0.00000	0.00000	0.00000	0.00000
0.28979	0.00000	0.00000	0.00000	0.00000	0.00000	0.00000	0.00000
0.29029	0.00000	0.00000	0.00000	0.00000	0.00000	0.00000	0.00000
0.29079	0.00000	0.00000	0.00000	0.00000	0.00000	0.00000	0.00000
0.29129	0.00000	0.00000	0.00000	0.00000	0.00000	0.00000	0.00000
0.29179	0.00000	0.00000	0.00000	0.00000	0.00000	0.00000	0.00000
0.29229	0.00000	0.00000	0.00000	0.00000	0.00000	0.00000	0.00000
0.29279	0.00000	0.00000	0.00000	0.00000	0.00000	0.00000	0.00000
0.29329	0.00000	0.00000	0.00000	0.00000	0.00000	0.00000	0.00000
0.29379	0.00000	0.00000	0.00000	0.00000	0.00000	0.00000	0.00000
0.29429	0.00000	0.00000	0.00000	0.00000	0.00000	0.00000	0.00000
0.29479	0.00000	0.00000	0.00000	0.00000	0.00000	0.00000	0.00000
0.29530	0.00000	0.00000	0.00000	0.00000	0.00000	0.00000	0.00000
0.29580	0.00000	0.00000	0.00000	0.00000	0.00000	0.00000	0.00000
0.29630	0.00000	0.00000	0.00000	0.00000	0.00000	0.00000	0.00000
0.29680	0.00000	0.00000	0.00000	0.00000	0.00000	0.00000	0.00000
0.29730	0.00000	0.00000	0.00000	0.00000	0.00000	0.00000	0.00000
0.29780	0.00000	0.00000	0.00000	0.00000	0.00000	0.00000	0.00000
0.29830	0.00000	0.00000	0.00000	0.00000	0.00000	0.00000	0.00000
0.29880	0.00000	0.00000	0.00000	0.00000	0.00000	0.00000	0.00000
0.29930	0.00000	0.00000	0.00000	0.00000	0.00000	0.00000	0.00000
0.29980	0.00000	0.00000	0.00000	0.00000	0.00000	0.00000	0.00000
0.30030	0.00000	0.00000	0.00000	0.00000	0.00000	0.00000	0.00000
0.30080	0.00000	0.00000	0.00000	0.00000	0.00000	0.00000	0.00000
0.30130	0.00000	0.00000	0.00000	0.00000	0.00000	0.00000	0.00000
0.30180	0.00000	0.00000	0.00000	0.00000	0.00000	0.00000	0.00000
0.30230	0.00000	0.00000	0.00000	0.00000	0.00000	0.00000	0.00000
0.30280	0.00000	0.00000	0.00000	0.00000	0.00000	0.00000	0.00000
0.30330	0.00000	0.00000	0.00000	0.00000	0.00000	0.00000	0.00000
0.30380	0.00000	0.00000	0.00000	0.00000	0.00000	0.00000	0.00000
0.30430	0.00000	0.00000	0.00000	0.00000	0.00000	0.00000	0.00000
0.30480	0.00000	0.00000	0.00000	0.00000	0.00000	0.00000	0.00000
0.30531	0.00000	0.00000	0.00000	0.00000	0.00000	0.00000	0.00000
0.30581	0.00000	0.00000	0.00000	0.00000	0.00000	0.00000	0.00000
0.30631	0.00000	0.00000	0.00000	0.00000	0.00000	0.00000	0.00000
0.30681	0.00000	0.00000	0.00000	0.00000	0.00000	0.00000	0.00000
0.30731	0.00000	0.00000	0.00000	0.00000	0.00000	0.00000	0.00000
0.30781	0.00000	0.00000	0.00000	0.00000	0.00000	0.00000	0.00000
0.30831	0.00000	0.00000	0.00000	0.00000	0.00000	0.00000	0.00000
0.30881	0.00000	0.00000	0.00000	0.00000	0.00000	0.00000	0.00000
0.30931	0.00000	0.00000	0.00000	0.00000	0.00000	0.00000	0.00000
0.30981	0.00000	0.00000	0.00000	0.00000	0.00000	0.00000	0.00000
0.31031	0.00000	0.00000	0.00000	0.00000	0.00000	0.00000	0.00000
0.31081	0.00000	0.00000	0.00000	0.00000	0.00000	0.00000	0.00000
0.31131	0.00000	0.00000	0.00000	0.00000	0.00000	0.00000	0.00000
0.31181	0.00000	0.00000	0.00000	0.00000	0.00000	0.00000	0.00000
0.31231	0.00000	0.00000	0.00000	0.00000	0.00000	0.00000	0.00000
0.31281	0.00000	0.00000	0.00000	0.00000	0.00000	0.00000	0.00000
0.31331	0.00000	0.00000	0.00000	0.00000	0.00000	0.00000	0.00000
0.31381	0.00000	0.00000	0.00000	0.00000	0.00000	0.00000	0.00000
0.31431	0.00000	0.00000	0.00000	0.00000	0.00000	0.00000	0.00000
0.31481	0.00000	0.00000	0.00000	0.00000	0.00000	0.00000	0.00000
0.31532	0.00000	0.00000	0.00000	0.00000	0.00000	0.00000	0.00000
0.31582	0.00000	0.00000	0.00000	0.00000	0.00000	0.00000	0.00000
0.31632	0.00000	0.00000	0.00000	0.00000	0.00000	0.00000	0.00000
0.31682	0.00000	0.00000	0.00000	0.00000	0.00000	0.00000	0.00000
0.31732	0.00000	0.00000	0.00000	0.00000	0.00000	0.00000	0.00000
0.31782	0.00000	0.00000	0.00000	0.00000	0.00000	0.00000	0.00000
0.31832	0.00000	0.00000	0.00000	0.00000	0.00000	0.00000	0.00000
0.31882	0.00000	0.00000	0.00000	0.00000	0.00000	0.00000	0.00000
0.31932	0.00000	0.00000	0.00000	0.00000	0.00000	0.00000	0.00000
0.31982	0.00000	0.00000	0.00000	0.00000	0.00000	0.00000	0.00000
0.32032	0.00000	0.00000	0.00000	0.00000	0.00000	0.00000	0.00000
0.32082	0.00000	0.00000	0.00000	0.00000	0.00000	0.00000	0.00000
0.32132	0.00000	0.00000	0.00000	0.00000	0.00000	0.00000	0.00000
0.32182	0.00000	0.00000	0.00000	0.00000	0.00000	0.00000	0.00000
0.32232	0.00000	0.00000	0.00000	0.00000	0.00000	0.00000	0.00000
0.32282	0.00000	0.00000	0.00000	0.00000	0.00000	0.00000	0.00000
0.32332	0.00000	0.00000	0.00000	0.00000	0.00000	0.00000	0.00000
0.32382	0.00000	0.00000	0.00000	0.00000	0.00000	0.00000	0.00000
0.32432	0.00000	0.00000	0.00000	0.00000	0.00000	0.00000	0.00000
0.32482	0.00000	0.00000	0.00000	0.00000	0.00000	0.00000	0.00000
0.32533	0.00000	0.00000	0.00000	0.00000	0.00000	0.00000	0.00000
0.32583	0.00000	0.00000	0.00000	0.00000	0.00000	0.00000	0.00000
0.32633	0.00000	0.00000	0.00000	0.00000	0.00000	0.00000	0.00000
0.32683	0.00000	0.00000	0.00000	0.00000	0.00000	0.00000	0.00000
0.32733	0.00000	0.00000	0.00000	0.00000	0.00000	0.00000	0.00000
0.32783	0.00000	0.00000	0.00000	0.00000	0.00000	0.00000	0.00000
0.32833	0.00000	0.00000	0.00000	0.00000	0.00000	0.00000	0.00000
0.32883	0.00000	0.00000	0.00000	0.00000	0.00000	0.00000	0.00000
0.32933	0.00000	0.00000	0.00000	0.00000	0.00000	0.00000	0.00000
0.32983	0.00000	0.00000	0.00000	0.00000	0.00000	0.00000	0.00000
0.33033	0.00000	0.00000	0.00000	0.00000	0.00000	0.00000	0.00000
0.33083	0.00000	0.00000	0.00000	0.00000	0.00000	0.00000	0.00000
0.33133	0.00000	0.00000	0.00000	0.00000	0.00000	0.00000	0.00000
0.33183	0.00000	0.00000	0.00000	0.00000	0.00000	0.00000	0.00000
0.33233	0.00000	0.00000	0.00000	0.00000	0.00000	0.00000	0.00000
0.33283	0.00000	0.00000	0.00000	0.00000	0.00000	0.00000	0.00000
0.33333	0.00000	0.00000	0.00000	0.00000	0.00000	0.00000	0.00000
0.33383	0.00000	0.00000	0.00000	0.00000	0.00000	0.00000	0.00000
0.33433	0.00000	0.00000	0.00000	0.00000	0.00000	0.00000	0.00000
0.33483	0.00000	0.00000	0.00000	0.00000	0.00000	0.00000	0.00000
0.33534	0.00000	0.00000	0.00000	0.00000	0.00000	0.00000	0.00000
0.33584	0.00000	0.00000	0.00000	0.00000	0.00000	0.00000	0.00000
0.33634	0.00000	0.00000	0.00000	0.00000	0.00000	0.00000	0.00000
0.33684	0.00000	0.00000	0.00000	0.00000	0.00000	0.00000	0.00000
0.33734	0.00000	0.00000	0.00000	0.00000	0.00000	0.00000	0.00000
0.33784	0.00000	0.00000	0.00000	0.00000	0.00000	0.00000	0.00000
0.33834	0.00000	0.00000	0.00000	0.00000	0.00000	0.00000	0.00000
0.33884	0.00000	0.00000	0.00000	0.00000	0.00000	0.00000	0.00000
0.33934	0.00000	0.00000	0.00000	0.00000	0.00000	0.00000	0.00000
0.33984	0.00000	0.00000	0.00000	0.00000	0.00000	0.00000	0.00000
0.34034	0.00000	0.00000	0.00000	0.00000	0.00000	0.00000	0.00000
0.34084	0.00000	0.00000	0.00000	0.00000	0.00000	0.00000	0.00000
0.34134	0.00000	0.00000	0.00000	0.00000	0.00000	0.00000	0.00000
0.34184	0.00000	0.00000	0.00000	0.00000	0.00000	0.00000	0.00000
0.34234	0.00000	0.00000	0.00000	0.00000	0.00000	0.00000	0.00000
0.34284	0.00000	0.00000	0.00000	0.00000	0.00000	0.00000	0.00000
0.34334	0.00000	0.00000	0.00000	0.00000	0.00000	0.00000	0.00000
0.34384	0.00000	0.00000	0.00000	0.00000	0.00000	0.00000	0.00000
0.34434	0.00000	0.00000	0.00000	0.00000	0.00000	0.00000	0.00000
0.34484	0.00000	0.00000	0.00000	0.00000	0.00000	0.00000	0.00000
0.34535	0.00000	0.00000	0.00000	0.00000	0.00000	0.00000	0.00000
0.34585	0.00000	0.00000	0.00000	0.00000	0.00000	0.00000	0.00000
0.34635	0.00000	0.00000	0.00000	0.00000	0.00000	0.00000	0.00000
0.34685	0.00000	0.00000	0.00000	0.00000	0.00000	0.00000	0.00000
0.34735	0.00000	0.00000	0.00000	0.00000	0.00000	0.00000	0.00000
0.34785	0.00000	0.00000	0.00000	0.00000	0.00000	0.00000	0.00000
0.34835	0.00000	0.00000	0.00000	0.00000	0.00000	0.00000	0.00000
0.34885	0.00000	0.00000	0.00000	0.00000	0.00000	0.00000	0.00000
0.34935	0.00000	0.00000	0.00000	0.00000	0.00000	0.00000	0.00000
0.34985	0.00000	0.00000	0.00000	0.00000	0.00000	0.00000	0.00000
0.35035	0.00000	0.00000	0.00000	0.00000	0.00000	0.00000	0.00000
0.35085	0.00000	0.00000	0.00000	0.00000	0.00000	0.00000	0.00000
0.35135	0.00000	0.00000	0.00000	0.00000	0.00000	0.00000	0.00000
0.35185	0.00000	0.00000	0.00000	0.00000	0.00000	0.00000	0.00000
0.35235	0.00000	0.00000	0.00000	0.00000	0.00000	0.00000	0.00000
0.35285	0.00000	0.00000	0.00000	0.00000	0.00000	0.00000	0.00000
0.35335	0.00000	0.00000	0.00000	0.00000	0.00000	0.00000	0.00000
0.35385	0.00000	0.00000	0.00000	0.00000	0.00000	0.00000	0.00000
0.35435	0.00000	0.00000	0.00000	0.00000	0.00000	0.00000	0.00000
0.35485	0.00000	0.00000	0.00000	0.00000	0.00000	0.00000	0.00000
0.35536	0.00000	0.00000	0.00000	0.00000	0.00000	0.00000	0.00000
0.35586	0.00000	0.00000	0.00000	0.00000	0.00000	0.00000	0.00000
0.35636	0.00000	0.00000	0.00000	0.00000	0.00000	0.00000	0.00000
0.35686	0.00000	0.00000	0.00000	0.00000	0.00000	0.00000	0.00000
0.35736	0.00000	0.00000	0.00000	0.00000	0.00000	0.00000	0.00000
0.35786	0.00000	0.00000	0.00000	0.00000	0.00000	0.00000	0.00000
0.35836	0.00000	0.00000	0.00000	0.00000	0.00000	0.00000	0.00000
0.35886	0.00000	0.00000	0.00000	0.00000	0.00000	0.00000	0.00000
0.35936	0.00000	0.00000	0.00000	0.00000	0.00000	0.00000	0.00000
0.35986	0.00000	0.00000	0.00000	0.00000	0.00000	0.00000	0.00000
0.36036	0.00000	0.00000	0.00000	0.00000	0.00000	0.00000	0.00000
0.36086	0.00000	0.00000	0.00000	0.00000	0.00000	0.00000	0.00000
0.36136	0.00000	0.00000	0.00000	0.00000	0.00000	0.00000	0.00000
0.36186	0.00000	0.00000	0.00000	0.00000	0.00000	0.00000	0.00000
0.36236	0.00000	0.00000	0.00000	0.00000	0.00000	0.00000	0.00000
0.36286	0.00000	0.00000	0.00000	0.00000	0.00000	0.00000	0.00000
0.36336	0.00000	0.00000	0.00000	0.00000	0.00000	0.00000	0.00000
0.36386	0.00000	0.00000	0.00000	0.00000	0.00000	0.00000	0.00000
0.36436	0.00000	0.00000	0.00000	0.00000	0.00000	0.00000	0.00000
0.36486	0.00000	0.00000	0.00000	0.00000	0.00000	0.00000	0.00000
0.36537	0.00000	0.00000	0.00000	0.00000	0.00000	0.00000	0.00000
0.36587	0.00000	0.00000	0.00000	0.00000	0.00000	0.00000	0.00000
0.36637	0.00000	0.00000	0.00000	0.00000	0.00000	0.00000	0.00000
0.36687	0.00000	0.00000	0.00000	0.00000	0.00000	0.00000	0.00000
0.36737	0.00000	0.00000	0.00000	0.00000	0.00000	0.00000	0.00000
0.36787	0.00000	0.00000	0.00000	0.00000	0.00000	0.00000	0.00000
0.36837	0.00000	0.00000	0.00000	0.00000	0.00000	0.00000	0.00000
0.36887	0.00000	0.00000	0.00000	0.00000	0.00000	0.00000	0.00000
0.36937	0.00000	0.00000	0.00000	0.00000	0.00000	0.00000	0.00000
0.36987	0.00000	0.00000	0.00000	0.00000	0.00000	0.00000	0.00000
0.37037	0.00000	0.00000	0.00000	0.00000	0.00000	0.00000	0.00000
0.37087	0.00000	0.00000	0.00000	0.00000	0.00000	0.00000	0.00000
0.37137	0.00000	0.00000	0.00000	0.00000	0.00000	0.00000	0.00000
0.37187	0.00000	0.00000	0.00000	0.00000	0.00000	0.00000	0.00000
0.37237	0.00000	0.00000	0.00000	0.00000	0.00000	0.00000	0.00000
0.37287	0.00000	0.00000	0.00000	0.00000	0.00000	0.00000	0.00000
0.37337	0.00000	0.00000	0.00000	0.00000	0.00000	0.00000	0.00000
0.37387	0.00000	0.00000	0.00000	0.00000	0.00000	0.00000	0.00000
0.37437	0.00000	0.00000	0.00000	0.00000	0.00000	0.00000	0.00000
0.37487	0.00000	0.00000	0.00000	0.00000	0.00000	0.00000	0.00000
0.37538	0.00000	0.00000	0.00000	0.00000	0.00000	0.00000	0.00000
0.37588	0.00000	0.00000	0.00000	0.00000	0.00000	0.00000	0.00000
0.37638	0.00000	0.00000	0.00000	0.00000	0.00000	0.00000	0.00000
0.37688	0.00000	0.00000	0.00000	0.00000	0.00000	0.00000	0.00000
0.37738	0.00000	0.00000	0.00000	0.00000	0.00000	0.00000	0.00000
0.37788	0.00000	0.00000	0.00000	0.00000	0.00000	0.00000	0.00000
0.37838	0.00000	0.00000	0.00000	0.00000	0.00000	0.00000	0.00000
0.37888	0.00000	0.00000	0.00000	0.00000	0.00000	0.00000	0.00000
0.37938	0.00000	0.00000	0.00000	0.00000	0.00000	0.00000	0.00000
0.37988	0.00000	0.00000	0.00000	0.00000	0.00000	0.00000	0.00000
0.38038	0.00000	0.00000	0.00000	0.00000	0.00000	0.00000	0.00000
0.38088	0.00000	0.00000	0.00000	0.00000	0.00000	0.00000	0.00000
0.38138	0.00000	0.00000	0.00000	0.00000	0.00000	0.00000	0.00000
0.38188	0.00000	0.00000	0.00000	0.00000	0.00000	0.00000	0.00000
0.38238	0.00000	0.00000	0.00000	0.00000	0.00000	0.00000	0.00000
0.38288	0.00000	0.00000	0.00000	0.00000	0.00000	0.00000	0.00000
0.38338	0.00000	0.00000	0.00000	0.00000	0.00000	0.00000	0.00000
0.38388	0.00000	0.00000	0.00000	0.00000	0.00000	0.00000	0.00000
0.38438	0.00000	0.00000	0.00000	0.00000	0.00000	0.00000	0.00000
0.38488	0.00000	0.00000	0.00000	0.00000	0.00000	0.00000	0.00000
0.38539	0.00000	0.00000	0.00000	0.00000	0.00000	0.00000	0.00000
0.38589	0.00000	0.00000	0.00000	0.00000	0.00000	0.00000	0.00000
0.38639	0.00000	0.00000	0.00000	0.00000	0.00000	0.00000	0.00000
0.38689	0.00000	0.00000	0.00000	0.00000	0.00000	0.00000	0.00000
0.38739	0.00000	0.00000	0.00000	0.00000	0.00000	0.00000	0.00000
0.38789	0.00000	0.00000	0.00000	0.00000	0.00000	0.00000	0.00000
0.38839	0.00000	0.00000	0.00000	0.00000	0.00000	0.00000	0.00000
0.38889	0.00000	0.00000	0.00000	0.00000	0.00000	0.00000	0.00000
0.38939	0.00000	0.00000	0.00000	0.00000	0.00000	0.00000	0.00000
0.38989	0.00000	0.00000	0.00000	0.00000	0.00000	0.00000	0.00000
0.39039	0.00000	0.00000	0.00000	0.00000	0.00000	0.00000	0.00000
0.39089	0.00000	0.00000	0.00000	0.00000	0.00000	0.00000	0.00000
0.39139	0.00000	0.00000	0.00000	0.00000	0.00000	0.00000	0.00000
0.39189	0.00000	0.00000	0.00000	0.00000	0.00000	0.00000	0.00000
0.39239	0.00000	0.00000	0.00000	0.00000	0.00000	0.00000	0.00000
0.39289	0.00000	0.00000	0.00000	0.00000	0.00000	0.00000	0.00000
0.39339	0.00000	0.00000	0.00000	0.00000	0.00000	0.00000	0.00000
0.39389	0.00000	0.00000	0.00000	0.00000	0.00000	0.00000	0.00000
0.39439	0.00000	0.00000	0.00000	0.00000	0.00000	0.00000	0.00000
0.39489	0.00000	0.00000	0.00000	0.00000	0.00000	0.00000	0.00000
0.39540	0.00000	0.00000	0.00000	0.00000	0.00000	0.00000	0.00000
0.39590	0.00000	0.00000	0.00000	0.00000	0.00000	0.00000	0.00000
0.39640	0.00000	0.00000	0.00000	0.00000	0.00000	0.00000	0.00000
0.39690	0.00000	0.00000	0.00000	0.00000	0.00000	0.00000	0.00000
0.39740	0.00000	0.00000	0.00000	0.00000	0.00000	0.00000	0.00000
0.39790	0.00000	0.00000	0.00000	0.00000	0.00000	0.00000	0.00000
0.39840	0.00000	0.00000	0.00000	0.00000	0.00000	0.00000	0.00000
0.39890	0.00000	0.00000	0.00000	0.00000	0.00000	0.00000	0.00000
0.39940	0.00000	0.00000	0.00000	0.00000	0.00000	0.00000	0.00000
0.39990	0.00000	0.00000	0.00000	0.00000	0.00000	0.00000	0.00000
0.40040	0.00000	0.00000	0.00000	0.00000	0.00000	0.00000	0.00000
0.40090	0.00000	0.00000	0.00000	0.00000	0.00000	0.00000	0.00000
0.40140	0.00000	0.00000	0.00000	0.00000	0.00000	0.00000	0.00000
0.40190	0.00000	0.00000	0.00000	0.00000	0.00000	0.00000	0.00000
0.40240	0.00000	0.00000	0.00000	0.00000	0.00000	0.00000	0.00000
0.40290	0.00000	0.00000	0.00000	0.00000	0.00000	0.00000	0.00000
0.40340	0.00000	0.00000	0.00000	0.00000	0.00000	0.00000	0.00000
0.40390	0.00000	0.00000	0.00000	0.00000	0.00000	0.00000	0.00000
0.40440	0.00000	0.00000	0.00000	0.00000	0.00000	0.00000	0.00000
0.40490	0.00000	0.00000	0.00000	0.00000	0.00000	0.00000	0.00000
0.40541	0.00000	0.00000	0.00000	0.00000	0.00000	0.00000	0.00000
0.40591	0.00000	0.00000	0.00000	0.00000	0.00000	0.00000	0.00000
0.40641	0.00000	0.00000	0.00000	0.00000	0.00000	0.00000	0.00000
0.40691	0.00000	0.00000	0.00000	0.00000	0.00000	0.00000	0.00000
0.40741	0.00000	0.00000	0.00000	0.00000	0.00000	0.00000	0.00000
0.40791	0.00000	0.00000	0.00000	0.00000	0.00000	0.00000	0.00000
0.40841	0.00000	0.00000	0.00000	0.00000	0.00000	0.00000	0.00000
0.40891	0.00000	0.00000	0.00000	0.00000	0.00000	0.00000	0.00000
0.40941	0.00000	0.00000	0.00000	0.00000	0.00000	0.00000	0.00000
0.40991	0.00000	0.00000	0.00000	0.00000	0.00000	0.00000	0.00000
0.41041	0.00000	0.00000	0.00000	0.00000	0.00000	0.00000	0.00000
0.41091	0.00000	0.00000	0.00000	0.00000	0.00000	0.00000	0.00000
0.41141	0.00000	0.00000	0.00000	0.00000	0.00000	0.00000	0.00000
0.41191	0.00000	0.00000	0.00000	0.00000	0.00000	0.00000	0.00000
0.41241	0.00000	0.00000	0.00000	0.00000	0.00000	0.00000	0.00000
0.41291	0.00000	0.00000	0.00000	0.00000	0.00000	0.00000	0.00000
0.41341	0.00000	0.00000	0.00000	0.00000	0.00000	0.00000	0.00000
0.41391	0.00000	0.00000	0.00000	0.00000	0.00000	0.00000	0.00000
0.41441	0.00000	0.00000	0.00000	0.00000	0.00000	0.00000	0.00000
0.41491	0.00000	0.00000	0.00000	0.00000	0.00000	0.00000	0.00000
0.41542	0.00000	0.00000	0.00000	0.00000	0.00000	0.00000	0.00000
0.41592	0.00000	0.00000	0.00000	0.00000	0.00000	0.00000	0.00000
0.41642	0.00000	0.00000	0.00000	0.00000	0.00000	0.00000	0.00000
0.41692	0.00000	0.00000	0.00000	0.00000	0.00000	0.00000	0.00000
0.41742	0.00000	0.00000	0.00000	0.00000	0.00000	0.00000	0.00000
0.41792	0.00000	0.00000	0.00000	0.00000	0.00000	0.00000	0.00000
0.41842	0.00000	0.00000	0.00000	0.00000	0.00000	0.00000	0.00000
0.41892	0.00000	0.00000	0.00000	0.00000	0.00000	0.00000	0.00000
0.41942	0.00000	0.00000	0.00000	0.00000	0.00000	0.00000	0.00000
0.41992	0.00000	0.00000	0.00000	0.00000	0.00000	0.00000	0.00000
0.42042	0.00000	0.00000	0.00000	0.00000	0.00000	0.00000	0.00000
0.42092	0.00000	0.00000	0.00000	0.00000	0.00000	0.00000	0.00000
0.42142	0.00000	0.00000	0.00000	0.00000	0.00000	0.00000	0.00000
0.42192	0.00000	0.00000	0.00000	0.00000	0.00000	0.00000	0.00000
0.42242	0.00000	0.00000	0.00000	0.00000	0.00000	0.00000	0.00000
0.42292	0.00000	0.00000	0.00000	0.00000	0.00000	0.00000	0.00000
0.42342	0.00000	0.00000	0.00000	0.00000	0.00000	0.00000	0.00000
0.42392	0.00000	0.00000	0.00000	0.00000	0.00000	0.00000	0.00000
0.42442	0.00000	0.00000	0.00000	0.00000	0.00000	0.00000	0.00000
0.42492	0.00000	0.00000	0.00000	0.00000	0.00000	0.00000	0.00000
0.42543	0.00000	0.00000	0.00000	0.00000	0.00000	0.00000	0.00000
0.42593	0.00000	0.00000	0.00000	0.00000	0.00000	0.00000	0.00000
0.42643	0.00000	0.00000	0.00000	0.00000	0.00000	0.00000	0.00000
0.42693	0.00000	0.00000	0.00000	0.00000	0.00000	0.00000	0.00000
0.42743	0.00000	0.00000	0.00000	0.00000	0.00000	0.00000	0.00000
0.42793	0.00000	0.00000	0.00000	0.00000	0.00000	0.00000	0.00000
0.42843	0.00000	0.00000	0.00000	0.00000	0.00000	0.00000	0.00000
0.42893	0.00000	0.00000	0.00000	0.00000	0.00000	0.00000	0.00000
0.42943	0.00000	0.00000	0.00000	0.00000	0.00000	0.00000	0.00000
0.42993	0.00000	0.00000	0.00000	0.00000	0.00000	0.00000	0.00000
0.43043	0.00000	0.00000	0.00000	0.00000	0.00000	0.00000	0.00000
0.43093	0.00000	0.00000	0.00000	0.00000	0.00000	0.00000	0.00000
0.43143	0.00000	0.00000	0.00000	0.00000	0.00000	0.00000	0.00000
0.43193	0.00000	0.00000	0.00000	0.00000	0.00000	0.00000	0.00000
0.43243	0.00000	0.00000	0.00000	0.00000	0.00000	0.00000	0.00000
0.43293	0.00000	0.00000	0.00000	0.00000	0.00000	0.00000	0.00000
0.43343	0.00000	0.00000	0.00000	0.00000	0.00000	0.00000	0.00000
0.43393	0.00000	0.00000	0.00000	0.00000	0.00000	0.00000	0.00000
0.43443	0.00000	0.00000	0.00000	0.00000	0.00000	0.00000	0.00000
0.43493	0.00000	0.00000	0.00000	0.00000	0.00000	0.00000	0.00000
0.43544	0.00000	0.00000	0.00000	0.00000	0.00000	0.00000	0.00000
0.43594	0.00000	0.00000	0.00000	0.00000	0.00000	0.00000	0.00000
0.43644	0.00000	0.00000	0.00000	0.00000	0.00000	0.00000	0.00000
0.43694	0.00000	0.00000	0.00000	0.00000	0.00000	0.00000	0.00000
0.43744	0.00000	0.00000	0.00000	0.00000	0.00000	0.00000	0.00000
0.43794	0.00000	0.00000	0.00000	0.00000	0.00000	0.00000	0.00000
0.43844	0.00000	0.00000	0.00000	0.00000	0.00000	0.00000	0.00000
0.43894	0.00000	0.00000	0.00000	0.00000	0.00000	0.00000	0.00000
0.43944	0.00000	0.00000	0.00000	0.00000	0.00000	0.00000	0.00000
0.43994	0.00000	0.00000	0.00000	0.00000	0.00000	0.00000	0.00000
0.44044	0.00000	0.00000	0.00000	0.00000	0.00000	0.00000	0.00000
0.44094	0.00000	0.00000	0.00000	0.00000	0.00000	0.00000	0.00000
0.44144	0.00000	0.00000	0.00000	0.00000	0.00000	0.00000	0.00000
0.44194	0.00000	0.00000	0.00000	0.00000	0.00000	0.00000	0.00000
0.44244	0.00000	0.00000	0.00000	0.00000	0.00000	0.00000	0.00000
0.44294	0.00000	0.00000	0.00000	0.00000	0.00000	0.00000	0.00000
0.44344	0.00000	0.00000	0.00000	0.00000	0.00000	0.00000	0.00000
0.44394	0.00000	0.00000	0.00000	0.00000	0.00000	0.00000	0.00000
0.44444	0.00000	0.00000	0.00000	0.00000	0.00000	0.00000	0.00000
0.44494	0.00000	0.00000	0.00000	0.00000	0.00000	0.00000	0.00000
0.44545	0.00000	0.00000	0.00000	0.00000	0.00000	0.00000	0.00000
0.44595	0.00000	0.00000	0.00000	0.00000	0.00000	0.00000	0.00000
0.44645	0.00000	0.00000	0.00000	0.00000	0.00000	0.00000	0.00000
0.44695	0.00000	0.00000	0.00000	0.00000	0.00000	0.00000	0.00000
0.44745	0.00000	0.00000	0.00000	0.00000	0.00000	0.00000	0.00000
0.44795	0.00000	0.00000	0.00000	0.00000	0.00000	0.00000	0.00000
0.44845	0.00000	0.00000	0.00000	0.00000	0.00000	0.00000	0.00000
0.44895	0.00000	0.00000	0.00000	0.00000	0.00000	0.00000	0.00000
0.44945	0.00000	0.00000	0.00000	0.00000	0.00000	0.00000	0.00000
0.44995	0.00000	0.00000	0.00000	0.00000	0.00000	0.00000	0.00000
0.45045	0.00000	0.00000	0.00000	0.00000	0.00000	0.00000	0.00000
0.45095	0.00000	0.00000	0.00000	0.00000	0.00000	0.00000	0.00000
0.45145	0.00000	0.00000	0.00000	0.00000	0.00000	0.00000	0.00000
0.45195	0.00000	0.00000	0.00000	0.00000	0.00000	0.00000	0.00000
0.45245	0.00000	0.00000	0.00000	0.00000	0.00000	0.00000	0.00000
0.45295	0.00000	0.00000	0.00000	0.00000	0.00000	0.00000	0.00000
0.45345	0.00000	0.00000	0.00000	0.00000	0.00000	0.00000	0.00000
0.45395	0.00000	0.00000	0.00000	0.00000	0.00000	0.00000	0.00000
0.45445	0.00000	0.00000	0.00000	0.00000	0.00000	0.00000	0.00000
0.45495	0.00000	0.00000	0.00000	0.00000	0.00000	0.00000	0.00000
0.45546	0.00000	0.00000	0.00000	0.00000	0.00000	0.00000	0.00000
0.45596	0.00000	0.00000	0.00000	0.00000	0.00000	0.00000	0.00000
0.45646	0.00000	0.00000	0.00000	0.00000	0.00000	0.00000	0.00000
0.45696	0.00000	0.00000	0.00000	0.00000	0.00000	0.00000	0.00000
0.45746	0.00000	0.00000	0.00000	0.00000	0.00000	0.00000	0.00000
0.45796	0.00000	0.00000	0.00000	0.00000	0.00000	0.00000	0.00000
0.45846	0.00000	0.00000	0.00000	0.00000	0.00000	0.00000	0.00000
0.45896	0.00000	0.00000	0.00000	0.00000	0.00000	0.00000	0.00000
0.45946	0.00000	0.00000	0.00000	0.00000	0.00000	0.00000	0.00000
0.45996	0.00000	0.00000	0.00000	0.00000	0.00000	0.00000	0.00000
0.46046	0.00000	0.00000	0.00000	0.00000	0.00000	0.00000	0.00000
0.46096	0.00000	0.00000	0.00000	0.00000	0.00000	0.00000	0.00000
0.46146	0.00000	0.00000	0.00000	0.00000	0.00000	0.00000	0.00000
0.46196	0.00000	0.00000	0.00000	0.00000	0.00000	0.00000	0.00000
0.46246	0.00000	0.00000	0.00000	0.00000	0.00000	0.00000	0.00000
0.46296	0.00000	0.00000	0.00000	0.00000	0.00000	0.00000	0.00000
0.46346	0.00000	0.00000	0.00000	0.00000	0.00000	0.00000	0.00000
0.46396	0.00000	0.00000	0.00000	0.00000	0.00000	0.00000	0.00000
0.46446	0.00000	0.00000	0.00000	0.00000	0.00000	0.00000	0.00000
0.46496	0.00000	0.00000	0.00000	0.00000	0.00000	0.00000	0.00000
0.46547	0.00000	0.00000	0.00000	0.00000	0.00000	0.00000	0.00000
0.46597	0.00000	0.00000	0.00000	0.00000	0.00000	0.00000	0.00000
0.46647	0.00000	0.00000	0.00000	0.00000	0.00000	0.00000	0.00000
0.46697	0.00000	0.00000	0.00000	0.00000	0.00000	0.00000	0.00000
0.46747	0.00000	0.00000	0.00000	0.00000	0.00000	0.00000	0.00000
0.46797	0.00000	0.00000	0.00000	0.00000	0.00000	0.00000	0.00000
0.46847	0.00000	0.00000	0.00000	0.00000	0.00000	0.00000	0.00000
0.46897	0.00000	0.00000	0.00000	0.00000	0.00000	0.00000	0.00000
0.46947	0.00000	0.00000	0.00000	0.00000	0.00000	0.00000	0.00000
0.46997	0.00000	0.00000	0.00000	0.00000	0.00000	0.00000	0.00000
0.47047	0.00000	0.00000	0.00000	0.00000	0.00000	0.00000	0.00000
0.47097	0.00000	0.00000	0.00000	0.00000	0.00000	0.00000	0.00000
0.47147	0.00000	0.00000	0.00000	0.00000	0.00000	0.00000	0.00000
0.47197	0.00000	0.00000	0.00000	0.00000	0.00000	0.00000	0.00000
0.47247	0.00000	0.00000	0.00000	0.00000	0.00000	0.00000	0.00000
0.47297	0.00000	0.00000	0.00000	0.00000	0.00000	0.00000	0.00000
0.47347	0.00000	0.00000	0.00000	0.00000	0.00000	0.00000	0.00000
0.47397	0.00000	0.00000	0.00000	0.00000	0.00000	0.00000	0.00000
0.47447	0.00000	0.00000	0.00000	0.00000	0.00000	0.00000	0.00000
0.47497	0.00000	0.00000	0.00000	0.00000	0.00000	0.00000	0.00000
0.47548	0.00000	0.00000	0.00000	0.00000	0.00000	0.00000	0.00000
0.47598	0.00000	0.00000	0.00000	0.00000	0.00000	0.00000	0.00000
0.47648	0.00000	0.00000	0.00000	0.00000	0.00000	0.00000	0.00000
0.47698	0.00000	0.00000	0.00000	0.00000	0.00000	0.00000	0.00000
0.47748	0.00000	0.00000	0.00000	0.00000	0.00000	0.00000	0.00000
0.47798	0.00000	0.00000	0.00000	0.00000	0.00000	0.00000	0.00000
0.47848	0.00000	0.00000	0.00000	0.00000	0.00000	0.00000	0.00000
0.47898	0.00000	0.00000	0.00000	0.00000	0.00000	0.00000	0.00000
0.47948	0.00000	0.00000	0.00000	0.00000	0.00000	0.00000	0.00000
0.47998	0.00000	0.00000	0.00000	0.00000	0.00000	0.00000	0.00000
0.48048	0.00000	0.00000	0.00000	0.00000	0.00000	0.00000	0.00000
0.48098	0.00000	0.00000	0.00000	0.00000	0.00000	0.00000	0.00000
0.48148	0.00000	0.00000	0.00000	0.00000	0.00000	0.00000	0.00000
0.48198	0.00000	0.00000	0.00000	0.00000	0.00000	0.00000	0.00000
0.48248	0.00000	0.00000	0.00000	0.00000	0.00000	0.00000	0.00000
0.48298	0.00000	0.00000	0.00000	0.00000	0.00000	0.00000	0.00000
0.48348	0.00000	0.00000	0.00000	0.00000	0.00000	0.00000	0.00000
0.48398	0.00000	0.00000	0.00000	0.00000	0.00000	0.00000	0.00000
0.48448	0.00000	0.00000	0.00000	0.00000	0.00000	0.00000	0.00000
0.48498	0.00000	0.00000	0.00000	0.00000	0.00000	0.00000	0.00000
0.48549	0.00000	0.00000	0.00000	0.00000	0.00000	0.00000	0.00000
0.48599	0.00000	0.00000	0.00000	0.00000	0.00000	0.00000	0.00000
0.48649	0.00000	0.00000	0.00000	0.00000	0.00000	0.00000	0.00000
0.48699	0.00000	0.00000	0.00000	0.00000	0.00000	0.00000	0.00000
0.48749	0.00000	0.00000	0.00000	0.00000	0.00000	0.00000	0.00000
0.48799	0.00000	0.00000	0.00000	0.00000	0.00000	0.00000	0.00000
0.48849	0.00000	0.00000	0.00000	0.00000	0.00000	0.00000	0.00000
0.48899	0.00000	0.00000	0.00000	0.00000	0.00000	0.00000	0.00000
0.48949	0.00000	0.00000	0.00000	0.00000	0.00000	0.00000	0.00000
0.48999	0.00000	0.00000	0.00000	0.00000	0.00000	0.00000	0.00000
0.49049	0.00000	0.00000	0.00000	0.00000	0.00000	0.00000	0.00000
0.49099	0.00000	0.00000	0.00000	0.00000	0.00000	0.00000	0.00000
0.49149	0.00000	0.00000	0.00000	0.00000	0.00000	0.00000	0.00000
0.49199	0.00000	0.00000	0.00000	0.00000	0.00000	0.00000	0.00000
0.49249	0.00000	0.00000	0.00000	0.00000	0.00000	0.00000	0.00000
0.49299	0.00000	0.00000	0.00000	0.00000	0.00000	0.00000	0.00000
0.49349	0.00000	0.00000	0.00000	0.00000	0.00000	0.00000	0.00000
0.49399	0.00000	0.00000	0.00000	0.00000	0.00000	0.00000	0.00000
0.49449	0.00000	0.00000	0.00000	0.00000	0.00000	0.00000	0.00000
0.49499	0.00000	0.00000	0.00000	0.00000	0.00000	0.00000	0.00000
0.49550	0.00000	0.00000	0.00000	0.00000	0.00000	0.00000	0.00000
0.49600	0.00000	0.00000	0.00000	0.00000	0.00000	0.00000	0.00000
0.49650	0.00000	0.00000	0.00000	0.00000	0.00000	0.00000	0.00000
0.49700	0.00000	0.00000	0.00000	0.00000	0.00000	0.00000	0.00000
0.49750	0.00000	0.00000	0.00000	0.00000	0.00000	0.00000	0.00000
0.49800	0.00000	0.00000	0.00000	0.00000	0.00000	0.00000	0.00000
0.49850	0.00000	0.00000	0.00000	0.00000	0.00000	0.00000	0.00000
0.49900	0.00000	0.00000	0.00000	0.00000	0.00000	0.00000	0.00000
0.49950	0.00000	0.00000	0.00000	0.00000	0.00000	0.00000	0.00000
0.50000	0.00000	0.00000	0.00000	0.00000	0.00000	0.00000	0.00000
