# ['bins', '4_fold_a', '5_fold_a', '6_fold_a']
0.00000	0.00000	0.00000	0.00000
0.18018	0.00000	0.00000	0.00000
0.36036	0.00000	0.00000	0.00000
0.54054	0.00000	0.00000	0.00000
0.72072	0.00000	0.00000	0.00000
0.90090	0.00000	0.00000	0.00000
1.08108	0.00000	0.00000	0.00000
1.26126	0.00000	0.00000	0.00000
1.44144	0.00000	0.00000	0.00000
1.62162	0.00000	0.00000	0.00000
1.80180	0.00000	0.00000	0.00000
1.98198	0.00000	0.00000	0.00000
2.16216	0.00000	0.00000	0.00000
2.34234	0.00000	0.00000	0.00000
2.52252	0.00000	0.00000	0.00000
2.70270	0.00000	0.00000	0.00000
2.88288	0.00000	0.00000	0.00000
3.06306	0.00000	0.00000	0.00000
3.24324	0.00000	0.00000	0.00000
3.42342	0.00000	0.00000	0.00000
3.60360	0.00000	0.00000	0.00000
3.78378	0.00000	0.00000	0.00000
3.96396	0.00000	0.00000	0.00000
4.14414	0.00000	0.00000	0.00000
4.32432	0.00000	0.00000	0.00000
4.50450	0.00000	0.00000	0.00000
4.68468	0.00000	0.00000	0.00000
4.86486	0.00000	0.00000	0.00000
5.04505	0.00000	0.00000	0.00000
5.22523	0.00000	0.00000	0.00000
5.40541	0.00000	0.00000	0.00000
5.58559	0.00000	0.00000	0.00000
5.76577	0.00000	0.00000	0.00000
5.94595	0.00000	0.00000	0.00000
6.12613	0.00000	0.00000	0.00000
6.30631	0.00000	0.00000	0.00000
6.48649	0.00000	0.00000	0.00000
6.66667	0.00000	0.00000	0.00000
6.84685	0.00000	0.00000	0.00000
7.02703	0.00000	0.00000	0.00000
7.20721	0.00000	0.00000	0.00000
7.38739	0.00000	0.00000	0.00000
7.56757	0.00000	0.00000	0.00000
7.74775	0.00000	0.00000	0.00000
7.92793	0.00000	0.00000	0.00000
8.10811	0.00000	0.00000	0.00000
8.28829	0.00000	0.00000	0.00000
8.46847	0.00000	0.00000	0.00000
8.64865	0.00000	0.00000	0.00000
8.82883	0.00000	0.00000	0.00000
9.00901	0.00000	0.00000	0.00000
9.18919	0.00000	0.00000	0.00000
9.36937	0.00000	0.00000	0.00000
9.54955	0.00000	0.00000	0.00000
9.72973	0.00000	0.00000	0.00000
9.90991	0.00000	0.00000	0.00000
10.09009	0.00000	0.00000	0.00000
10.27027	0.00000	0.00000	0.00000
10.45045	0.00000	0.00000	0.00000
10.63063	0.00000	0.00000	0.00000
10.81081	0.00000	0.00000	0.00000
10.99099	0.00000	0.00000	0.00000
11.17117	0.00000	0.00000	0.00000
11.35135	0.00000	0.00000	0.00000
11.53153	0.00000	0.00000	0.00000
11.71171	0.00000	0.00000	0.00000
11.89189	0.00000	0.00000	0.00000
12.07207	0.00000	0.00000	0.00000
12.25225	0.00000	0.00000	0.00000
12.43243	0.00000	0.00000	0.00000
12.61261	0.00000	0.00000	0.00000
12.79279	0.00000	0.00000	0.00000
12.97297	0.00000	0.00000	0.00000
13.15315	0.00000	0.00000	0.00000
13.33333	0.00000	0.00000	0.00000
13.51351	0.00000	0.00000	0.00000
13.69369	0.00000	0.00000	0.00000
13.87387	0.00000	0.00000	0.00000
14.05405	0.00000	0.00000	0.00000
14.23423	0.00000	0.00000	0.00000
14.41441	0.00000	0.00000	0.00000
14.59459	0.00000	0.00000	0.00000
14.77477	0.00000	0.00000	0.00000
14.95495	0.00000	0.00000	0.00000
15.13514	0.00000	0.00000	0.00000
15.31532	0.00000	0.00000	0.00000
15.49550	0.00000	0.00000	0.00000
15.67568	0.00000	0.00000	0.00000
15.85586	0.00000	0.00000	0.00000
16.03604	0.00000	0.00000	0.00000
16.21622	0.00000	0.00000	0.00000
16.39640	0.00000	0.00000	0.00000
16.57658	0.00000	0.00000	0.00000
16.75676	0.00000	0.00000	0.00000
16.93694	0.00000	0.00000	0.00000
17.11712	0.00000	0.00000	0.00000
17.29730	0.00000	0.00000	0.00000
17.47748	0.00000	0.00000	0.00000
17.65766	0.00000	0.00000	0.00000
17.83784	0.00000	0.00000	0.00000
18.01802	0.00000	0.00000	0.00000
18.19820	0.00000	0.00000	0.00000
18.37838	0.00000	0.00000	0.00000
18.55856	0.00000	0.00000	0.00000
18.73874	0.00000	0.00000	0.00000
18.91892	0.00000	0.00000	0.00000
19.09910	0.00000	0.00000	0.00000
19.27928	0.00000	0.00000	0.00000
19.45946	0.00000	0.00000	0.00000
19.63964	0.00000	0.00000	0.00000
19.81982	0.00000	0.00000	0.00000
20.00000	0.00000	0.00000	0.00000
20.18018	0.00000	0.00000	0.00000
20.36036	0.00000	0.00000	0.00000
20.54054	0.00000	0.00000	0.00000
20.72072	0.00000	0.00000	0.00000
20.90090	0.00000	0.00000	0.00000
21.08108	0.00000	0.00000	0.00000
21.26126	0.00000	0.00000	0.00000
21.44144	0.00000	0.00000	0.00000
21.62162	0.00000	0.00000	0.00000
21.80180	0.00000	0.00000	0.00000
21.98198	0.00000	0.00000	0.00000
22.16216	0.00000	0.00000	0.00000
22.34234	0.00000	0.00000	0.00000
22.52252	0.00000	0.00000	0.00000
22.70270	0.00000	0.00000	0.00000
22.88288	0.00000	0.00000	0.00000
23.06306	0.00000	0.00000	0.00000
23.24324	0.00000	0.00000	0.00000
23.42342	0.00000	0.00000	0.00000
23.60360	0.00000	0.00000	0.00000
23.78378	0.00000	0.00000	0.00000
23.96396	0.00000	0.00000	0.00000
24.14414	0.00000	0.00000	0.00000
24.32432	0.00000	0.00000	0.00000
24.50450	0.00000	0.00000	0.00000
24.68468	0.00000	0.00000	0.00000
24.86486	0.00000	0.00000	0.00000
25.04505	0.00000	0.00000	0.00000
25.22523	0.00000	0.00000	0.00000
25.40541	0.00000	0.00000	0.00000
25.58559	0.00000	0.00000	0.00000
25.76577	0.00000	0.00000	0.00000
25.94595	0.00000	0.00000	0.00000
26.12613	0.00000	0.00000	0.00000
26.30631	0.00000	0.00000	0.00000
26.48649	0.00000	0.00000	0.00000
26.66667	0.00000	0.00000	0.00000
26.84685	0.00000	0.00000	0.00000
27.02703	0.00000	0.00000	0.00000
27.20721	0.00000	0.00000	0.00000
27.38739	0.00000	0.00000	0.00000
27.56757	0.00000	0.00000	0.00000
27.74775	0.00000	0.00000	0.00000
27.92793	0.00000	0.00000	0.00000
28.10811	0.00000	0.00000	0.00000
28.28829	0.00000	0.00000	0.00000
28.46847	0.00000	0.00000	0.00000
28.64865	0.00000	0.00000	0.00000
28.82883	0.00000	0.00000	0.00000
29.00901	0.00000	0.00000	0.00000
29.18919	0.00000	0.00000	0.00000
29.36937	0.00000	0.00000	0.00000
29.54955	0.00000	0.00000	0.00000
29.72973	0.00000	0.00000	0.00000
29.90991	0.00000	0.00000	0.00000
30.09009	0.00000	0.00000	0.00000
30.27027	0.00000	0.00000	0.00000
30.45045	0.00000	0.00000	0.00000
30.63063	0.00000	0.00000	0.00000
30.81081	0.00000	0.00000	0.00000
30.99099	0.00000	0.00000	0.00000
31.17117	0.00000	0.00001	0.00000
31.35135	0.00000	0.00000	0.00000
31.53153	0.00000	0.00000	0.00005
31.71171	0.00000	0.00000	0.00000
31.89189	0.00000	0.00001	0.00005
32.07207	0.00000	0.00001	0.00009
32.25225	0.00000	0.00001	0.00005
32.43243	0.00000	0.00001	0.00000
32.61261	0.00000	0.00004	0.00000
32.79279	0.00000	0.00001	0.00005
32.97297	0.00000	0.00009	0.00009
33.15315	0.00000	0.00007	0.00009
33.33333	0.00000	0.00009	0.00009
33.51351	0.00000	0.00006	0.00009
33.69369	0.00000	0.00013	0.00009
33.87387	0.00000	0.00020	0.00014
34.05405	0.00000	0.00010	0.00018
34.23423	0.00000	0.00019	0.00014
34.41441	0.00000	0.00022	0.00028
34.59459	0.00000	0.00033	0.00018
34.77477	0.00000	0.00029	0.00041
34.95495	0.00000	0.00037	0.00037
35.13514	0.00000	0.00046	0.00028
35.31532	0.00000	0.00046	0.00046
35.49550	0.00000	0.00050	0.00078
35.67568	0.00000	0.00060	0.00073
35.85586	0.00000	0.00090	0.00055
36.03604	0.00000	0.00065	0.00073
36.21622	0.00000	0.00089	0.00083
36.39640	0.00000	0.00101	0.00133
36.57658	0.00000	0.00089	0.00092
36.75676	0.00000	0.00126	0.00152
36.93694	0.00000	0.00139	0.00119
37.11712	0.00000	0.00165	0.00230
37.29730	0.00000	0.00178	0.00129
37.47748	0.00000	0.00187	0.00220
37.65766	0.00000	0.00192	0.00248
37.83784	0.00000	0.00233	0.00326
38.01802	0.00000	0.00224	0.00326
38.19820	0.00000	0.00227	0.00367
38.37838	0.00000	0.00315	0.00376
38.55856	0.00000	0.00309	0.00354
38.73874	0.00000	0.00340	0.00363
38.91892	0.00000	0.00315	0.00514
39.09910	0.00000	0.00355	0.00464
39.27928	0.00000	0.00383	0.00574
39.45946	0.00000	0.00434	0.00533
39.63964	0.00000	0.00441	0.00652
39.81982	0.00000	0.00447	0.00588
40.00000	0.00000	0.00470	0.00702
40.18018	0.00000	0.00483	0.00744
40.36036	0.00000	0.00508	0.00707
40.54054	0.00000	0.00557	0.00790
40.72072	0.00000	0.00593	0.00872
40.90090	0.00000	0.00592	0.00808
41.08108	0.00000	0.00622	0.01001
41.26126	0.00000	0.00691	0.00927
41.44144	0.00000	0.00641	0.00964
41.62162	0.00000	0.00721	0.01065
41.80180	0.00000	0.00694	0.01015
41.98198	0.00000	0.00709	0.01047
42.16216	0.00000	0.00750	0.01125
42.34234	0.00000	0.00803	0.01134
42.52252	0.00000	0.00814	0.01051
42.70270	0.00000	0.00827	0.01120
42.88288	0.00000	0.00794	0.01143
43.06306	0.00000	0.00890	0.01097
43.24324	0.00000	0.00923	0.01148
43.42342	0.00000	0.00888	0.01226
43.60360	0.00004	0.00922	0.01336
43.78378	0.00000	0.00922	0.01336
43.96396	0.00001	0.00987	0.01299
44.14414	0.00001	0.01000	0.01460
44.32432	0.00001	0.00988	0.01336
44.50450	0.00004	0.00997	0.01460
44.68468	0.00003	0.01048	0.01451
44.86486	0.00001	0.01024	0.01405
45.04505	0.00003	0.01139	0.01359
45.22523	0.00001	0.01103	0.01373
45.40541	0.00004	0.01116	0.01433
45.58559	0.00003	0.01165	0.01488
45.76577	0.00008	0.01097	0.01428
45.94595	0.00005	0.01103	0.01364
46.12613	0.00014	0.01156	0.01203
46.30631	0.00012	0.01182	0.01506
46.48649	0.00014	0.01135	0.01299
46.66667	0.00014	0.01132	0.01341
46.84685	0.00020	0.01074	0.01405
47.02703	0.00023	0.01114	0.01327
47.20721	0.00023	0.01107	0.01331
47.38739	0.00030	0.01208	0.01419
47.56757	0.00037	0.01163	0.01272
47.74775	0.00037	0.01119	0.01217
47.92793	0.00039	0.01135	0.01267
48.10811	0.00051	0.01145	0.01198
48.28829	0.00060	0.01126	0.01047
48.46847	0.00061	0.01077	0.01033
48.64865	0.00043	0.01155	0.01028
48.82883	0.00069	0.01122	0.00987
49.00901	0.00074	0.01117	0.00996
49.18919	0.00083	0.01198	0.00918
49.36937	0.00074	0.01103	0.00964
49.54955	0.00094	0.01140	0.00950
49.72973	0.00108	0.01152	0.01061
49.90991	0.00116	0.01129	0.00900
50.09009	0.00145	0.01181	0.00817
50.27027	0.00177	0.01070	0.00886
50.45045	0.00145	0.01182	0.00702
50.63063	0.00192	0.01181	0.00900
50.81081	0.00166	0.01162	0.00817
50.99099	0.00248	0.01066	0.00813
51.17117	0.00227	0.01104	0.00781
51.35135	0.00294	0.01143	0.00758
51.53153	0.00325	0.01135	0.00822
51.71171	0.00347	0.01152	0.00785
51.89189	0.00404	0.01119	0.00781
52.07207	0.00410	0.01137	0.00698
52.25225	0.00498	0.01120	0.00849
52.43243	0.00541	0.01196	0.00794
52.61261	0.00569	0.01176	0.00753
52.79279	0.00643	0.01170	0.00689
52.97297	0.00750	0.01181	0.00712
53.15315	0.00908	0.01193	0.00698
53.33333	0.00894	0.01221	0.00785
53.51351	0.00990	0.01193	0.00680
53.69369	0.00995	0.01169	0.00817
53.87387	0.01138	0.01156	0.00781
54.05405	0.01273	0.01089	0.00735
54.23423	0.01359	0.01091	0.00836
54.41441	0.01340	0.01229	0.00895
54.59459	0.01539	0.01155	0.00776
54.77477	0.01747	0.01162	0.00909
54.95495	0.01816	0.01265	0.00872
55.13514	0.01858	0.01159	0.00781
55.31532	0.01899	0.01145	0.00808
55.49550	0.01970	0.01162	0.00955
55.67568	0.02167	0.01146	0.00932
55.85586	0.02462	0.01096	0.00854
56.03604	0.02415	0.01120	0.00762
56.21622	0.02597	0.01122	0.00927
56.39640	0.02644	0.01086	0.00877
56.57658	0.02792	0.01099	0.00964
56.75676	0.02848	0.01143	0.00987
56.93694	0.02905	0.01030	0.00973
57.11712	0.03021	0.01199	0.01019
57.29730	0.03083	0.01079	0.00895
57.47748	0.03173	0.01071	0.01001
57.65766	0.03362	0.01117	0.00987
57.83784	0.03239	0.01038	0.00895
58.01802	0.03491	0.01007	0.01042
58.19820	0.03448	0.01083	0.00927
58.37838	0.03406	0.01007	0.01028
58.55856	0.03450	0.01035	0.01033
58.73874	0.03539	0.00936	0.01079
58.91892	0.03586	0.01005	0.00964
59.09910	0.03550	0.00984	0.00978
59.27928	0.03580	0.00938	0.01162
59.45946	0.03573	0.00922	0.00978
59.63964	0.03573	0.00893	0.01084
59.81982	0.03462	0.00923	0.00960
60.00000	0.03531	0.00899	0.01010
60.18018	0.03432	0.00911	0.01134
60.36036	0.03297	0.00865	0.00918
60.54054	0.03473	0.00853	0.00973
60.72072	0.03250	0.00913	0.01107
60.90090	0.03306	0.00843	0.01061
61.08108	0.03167	0.00777	0.00992
61.26126	0.03170	0.00846	0.00937
61.44144	0.03089	0.00778	0.00950
61.62162	0.02978	0.00747	0.00918
61.80180	0.02927	0.00846	0.00969
61.98198	0.02792	0.00694	0.00941
62.16216	0.02833	0.00714	0.01061
62.34234	0.02693	0.00750	0.01006
62.52252	0.02642	0.00764	0.01015
62.70270	0.02479	0.00717	0.00790
62.88288	0.02445	0.00725	0.00937
63.06306	0.02342	0.00692	0.00826
63.24324	0.02237	0.00709	0.00886
63.42342	0.02150	0.00744	0.00693
63.60360	0.02102	0.00633	0.00748
63.78378	0.02029	0.00678	0.00840
63.96396	0.01965	0.00635	0.00670
64.14414	0.01794	0.00681	0.00601
64.32432	0.01688	0.00661	0.00615
64.50450	0.01582	0.00630	0.00725
64.68468	0.01590	0.00577	0.00574
64.86486	0.01443	0.00618	0.00739
65.04505	0.01435	0.00622	0.00592
65.22523	0.01338	0.00599	0.00620
65.40541	0.01264	0.00593	0.00556
65.58559	0.01226	0.00600	0.00565
65.76577	0.01185	0.00569	0.00496
65.94595	0.01105	0.00530	0.00556
66.12613	0.01088	0.00518	0.00459
66.30631	0.00990	0.00527	0.00519
66.48649	0.00968	0.00553	0.00482
66.66667	0.00904	0.00572	0.00432
66.84685	0.00823	0.00559	0.00335
67.02703	0.00763	0.00551	0.00427
67.20721	0.00788	0.00514	0.00349
67.38739	0.00753	0.00495	0.00404
67.56757	0.00617	0.00474	0.00409
67.74775	0.00641	0.00497	0.00372
67.92793	0.00604	0.00497	0.00376
68.10811	0.00577	0.00540	0.00303
68.28829	0.00547	0.00511	0.00303
68.46847	0.00477	0.00501	0.00331
68.64865	0.00449	0.00526	0.00298
68.82883	0.00423	0.00485	0.00326
69.00901	0.00425	0.00422	0.00275
69.18919	0.00416	0.00442	0.00230
69.36937	0.00360	0.00378	0.00239
69.54955	0.00342	0.00434	0.00248
69.72973	0.00338	0.00435	0.00234
69.90991	0.00310	0.00454	0.00243
70.09009	0.00264	0.00441	0.00207
70.27027	0.00290	0.00365	0.00207
70.45045	0.00253	0.00422	0.00230
70.63063	0.00252	0.00399	0.00147
70.81081	0.00239	0.00375	0.00184
70.99099	0.00202	0.00401	0.00133
71.17117	0.00200	0.00386	0.00165
71.35135	0.00180	0.00422	0.00152
71.53153	0.00154	0.00382	0.00170
71.71171	0.00149	0.00375	0.00101
71.89189	0.00155	0.00378	0.00115
72.07207	0.00129	0.00388	0.00129
72.25225	0.00133	0.00375	0.00101
72.43243	0.00102	0.00375	0.00073
72.61261	0.00127	0.00332	0.00110
72.79279	0.00099	0.00307	0.00078
72.97297	0.00086	0.00323	0.00115
73.15315	0.00094	0.00294	0.00115
73.33333	0.00073	0.00330	0.00106
73.51351	0.00086	0.00316	0.00129
73.69369	0.00073	0.00270	0.00060
73.87387	0.00056	0.00330	0.00083
74.05405	0.00057	0.00299	0.00083
74.23423	0.00044	0.00269	0.00073
74.41441	0.00042	0.00264	0.00055
74.59459	0.00048	0.00279	0.00087
74.77477	0.00040	0.00300	0.00060
74.95495	0.00035	0.00290	0.00092
75.13514	0.00039	0.00283	0.00023
75.31532	0.00030	0.00260	0.00018
75.49550	0.00033	0.00269	0.00087
75.67568	0.00038	0.00276	0.00064
75.85586	0.00026	0.00280	0.00064
76.03604	0.00023	0.00286	0.00060
76.21622	0.00010	0.00280	0.00069
76.39640	0.00021	0.00277	0.00037
76.57658	0.00026	0.00284	0.00069
76.75676	0.00021	0.00266	0.00073
76.93694	0.00018	0.00261	0.00083
77.11712	0.00009	0.00259	0.00087
77.29730	0.00009	0.00250	0.00051
77.47748	0.00016	0.00256	0.00083
77.65766	0.00009	0.00236	0.00087
77.83784	0.00016	0.00254	0.00092
78.01802	0.00008	0.00247	0.00115
78.19820	0.00016	0.00247	0.00078
78.37838	0.00009	0.00237	0.00083
78.55856	0.00010	0.00236	0.00142
78.73874	0.00004	0.00213	0.00064
78.91892	0.00004	0.00231	0.00115
79.09910	0.00003	0.00225	0.00096
79.27928	0.00004	0.00233	0.00110
79.45946	0.00007	0.00238	0.00115
79.63964	0.00003	0.00213	0.00096
79.81982	0.00005	0.00259	0.00142
80.00000	0.00005	0.00224	0.00193
80.18018	0.00003	0.00208	0.00147
80.36036	0.00001	0.00243	0.00110
80.54054	0.00001	0.00231	0.00179
80.72072	0.00001	0.00213	0.00165
80.90090	0.00001	0.00215	0.00193
81.08108	0.00003	0.00221	0.00211
81.26126	0.00000	0.00237	0.00161
81.44144	0.00001	0.00228	0.00184
81.62162	0.00000	0.00224	0.00234
81.80180	0.00001	0.00230	0.00253
81.98198	0.00000	0.00215	0.00161
82.16216	0.00000	0.00238	0.00225
82.34234	0.00003	0.00233	0.00220
82.52252	0.00003	0.00233	0.00248
82.70270	0.00003	0.00205	0.00243
82.88288	0.00001	0.00238	0.00230
83.06306	0.00001	0.00215	0.00289
83.24324	0.00000	0.00224	0.00248
83.42342	0.00001	0.00194	0.00271
83.60360	0.00000	0.00244	0.00303
83.78378	0.00000	0.00241	0.00294
83.96396	0.00000	0.00205	0.00367
84.14414	0.00000	0.00230	0.00289
84.32432	0.00000	0.00233	0.00381
84.50450	0.00000	0.00251	0.00326
84.68468	0.00000	0.00254	0.00372
84.86486	0.00000	0.00211	0.00321
85.04505	0.00000	0.00213	0.00344
85.22523	0.00000	0.00244	0.00404
85.40541	0.00000	0.00257	0.00376
85.58559	0.00001	0.00270	0.00376
85.76577	0.00000	0.00247	0.00390
85.94595	0.00001	0.00237	0.00514
86.12613	0.00001	0.00238	0.00409
86.30631	0.00000	0.00263	0.00455
86.48649	0.00000	0.00263	0.00390
86.66667	0.00000	0.00234	0.00505
86.84685	0.00000	0.00251	0.00473
87.02703	0.00000	0.00251	0.00500
87.20721	0.00000	0.00243	0.00491
87.38739	0.00000	0.00228	0.00496
87.56757	0.00000	0.00279	0.00478
87.74775	0.00000	0.00274	0.00528
87.92793	0.00000	0.00300	0.00560
88.10811	0.00000	0.00269	0.00519
88.28829	0.00000	0.00274	0.00510
88.46847	0.00000	0.00277	0.00450
88.64865	0.00000	0.00276	0.00409
88.82883	0.00000	0.00274	0.00542
89.00901	0.00000	0.00306	0.00565
89.18919	0.00000	0.00284	0.00505
89.36937	0.00000	0.00297	0.00579
89.54955	0.00000	0.00283	0.00455
89.72973	0.00000	0.00247	0.00505
89.90991	0.00000	0.00281	0.00500
90.09009	0.00000	0.00306	0.00459
90.27027	0.00000	0.00300	0.00487
90.45045	0.00000	0.00273	0.00528
90.63063	0.00000	0.00260	0.00464
90.81081	0.00000	0.00312	0.00505
90.99099	0.00000	0.00304	0.00519
91.17117	0.00000	0.00259	0.00413
91.35135	0.00000	0.00261	0.00468
91.53153	0.00000	0.00302	0.00510
91.71171	0.00000	0.00327	0.00432
91.89189	0.00000	0.00273	0.00445
92.07207	0.00000	0.00271	0.00386
92.25225	0.00000	0.00292	0.00422
92.43243	0.00000	0.00273	0.00436
92.61261	0.00000	0.00292	0.00482
92.79279	0.00000	0.00286	0.00372
92.97297	0.00000	0.00283	0.00390
93.15315	0.00000	0.00241	0.00381
93.33333	0.00000	0.00263	0.00294
93.51351	0.00000	0.00270	0.00354
93.69369	0.00000	0.00237	0.00376
93.87387	0.00000	0.00225	0.00395
94.05405	0.00000	0.00276	0.00321
94.23423	0.00000	0.00250	0.00340
94.41441	0.00000	0.00264	0.00275
94.59459	0.00000	0.00223	0.00422
94.77477	0.00000	0.00292	0.00257
94.95495	0.00000	0.00201	0.00298
95.13514	0.00000	0.00227	0.00340
95.31532	0.00000	0.00231	0.00275
95.49550	0.00000	0.00211	0.00275
95.67568	0.00000	0.00180	0.00285
95.85586	0.00000	0.00175	0.00216
96.03604	0.00000	0.00185	0.00216
96.21622	0.00000	0.00180	0.00275
96.39640	0.00000	0.00180	0.00243
96.57658	0.00000	0.00200	0.00230
96.75676	0.00000	0.00191	0.00193
96.93694	0.00000	0.00191	0.00188
97.11712	0.00000	0.00172	0.00202
97.29730	0.00000	0.00155	0.00147
97.47748	0.00000	0.00174	0.00161
97.65766	0.00000	0.00139	0.00179
97.83784	0.00000	0.00161	0.00165
98.01802	0.00000	0.00154	0.00202
98.19820	0.00000	0.00149	0.00161
98.37838	0.00000	0.00151	0.00184
98.55856	0.00000	0.00122	0.00165
98.73874	0.00000	0.00124	0.00142
98.91892	0.00000	0.00129	0.00133
99.09910	0.00000	0.00109	0.00124
99.27928	0.00000	0.00115	0.00133
99.45946	0.00000	0.00105	0.00096
99.63964	0.00000	0.00119	0.00174
99.81982	0.00000	0.00080	0.00110
100.00000	0.00000	0.00108	0.00055
100.18018	0.00000	0.00088	0.00083
100.36036	0.00000	0.00090	0.00078
100.54054	0.00000	0.00069	0.00073
100.72072	0.00000	0.00098	0.00073
100.90090	0.00000	0.00090	0.00106
101.08108	0.00000	0.00085	0.00087
101.26126	0.00000	0.00076	0.00083
101.44144	0.00000	0.00076	0.00083
101.62162	0.00000	0.00060	0.00073
101.80180	0.00000	0.00067	0.00060
101.98198	0.00000	0.00075	0.00069
102.16216	0.00000	0.00076	0.00037
102.34234	0.00000	0.00050	0.00041
102.52252	0.00000	0.00070	0.00055
102.70270	0.00000	0.00065	0.00037
102.88288	0.00000	0.00040	0.00051
103.06306	0.00000	0.00055	0.00041
103.24324	0.00000	0.00059	0.00014
103.42342	0.00000	0.00029	0.00032
103.60360	0.00000	0.00046	0.00023
103.78378	0.00000	0.00036	0.00023
103.96396	0.00000	0.00036	0.00023
104.14414	0.00000	0.00039	0.00018
104.32432	0.00000	0.00037	0.00041
104.50450	0.00000	0.00034	0.00041
104.68468	0.00000	0.00024	0.00018
104.86486	0.00000	0.00026	0.00023
105.04505	0.00000	0.00030	0.00023
105.22523	0.00000	0.00027	0.00023
105.40541	0.00000	0.00033	0.00014
105.58559	0.00000	0.00032	0.00009
105.76577	0.00000	0.00016	0.00014
105.94595	0.00000	0.00019	0.00028
106.12613	0.00000	0.00013	0.00005
106.30631	0.00000	0.00026	0.00014
106.48649	0.00000	0.00017	0.00032
106.66667	0.00000	0.00017	0.00018
106.84685	0.00000	0.00011	0.00014
107.02703	0.00000	0.00013	0.00005
107.20721	0.00000	0.00013	0.00014
107.38739	0.00000	0.00013	0.00005
107.56757	0.00000	0.00009	0.00018
107.74775	0.00000	0.00014	0.00000
107.92793	0.00000	0.00010	0.00014
108.10811	0.00000	0.00010	0.00018
108.28829	0.00000	0.00010	0.00005
108.46847	0.00000	0.00011	0.00005
108.64865	0.00000	0.00013	0.00009
108.82883	0.00000	0.00007	0.00005
109.00901	0.00000	0.00004	0.00005
109.18919	0.00000	0.00004	0.00000
109.36937	0.00000	0.00011	0.00005
109.54955	0.00000	0.00009	0.00005
109.72973	0.00000	0.00013	0.00014
109.90991	0.00000	0.00001	0.00000
110.09009	0.00000	0.00001	0.00000
110.27027	0.00000	0.00007	0.00000
110.45045	0.00000	0.00003	0.00000
110.63063	0.00000	0.00001	0.00005
110.81081	0.00000	0.00003	0.00000
110.99099	0.00000	0.00003	0.00009
111.17117	0.00000	0.00003	0.00005
111.35135	0.00000	0.00001	0.00005
111.53153	0.00000	0.00004	0.00000
111.71171	0.00000	0.00000	0.00009
111.89189	0.00000	0.00000	0.00009
112.07207	0.00000	0.00000	0.00014
112.25225	0.00000	0.00003	0.00000
112.43243	0.00000	0.00003	0.00000
112.61261	0.00000	0.00000	0.00000
112.79279	0.00000	0.00001	0.00000
112.97297	0.00000	0.00000	0.00000
113.15315	0.00000	0.00000	0.00000
113.33333	0.00000	0.00001	0.00000
113.51351	0.00000	0.00000	0.00000
113.69369	0.00000	0.00000	0.00000
113.87387	0.00000	0.00000	0.00000
114.05405	0.00000	0.00000	0.00000
114.23423	0.00000	0.00000	0.00000
114.41441	0.00000	0.00000	0.00000
114.59459	0.00000	0.00000	0.00000
114.77477	0.00000	0.00003	0.00000
114.95495	0.00000	0.00001	0.00000
115.13514	0.00000	0.00000	0.00000
115.31532	0.00000	0.00001	0.00000
115.49550	0.00000	0.00000	0.00000
115.67568	0.00000	0.00000	0.00000
115.85586	0.00000	0.00000	0.00000
116.03604	0.00000	0.00000	0.00000
116.21622	0.00000	0.00000	0.00000
116.39640	0.00000	0.00000	0.00000
116.57658	0.00000	0.00000	0.00000
116.75676	0.00000	0.00000	0.00000
116.93694	0.00000	0.00000	0.00000
117.11712	0.00000	0.00000	0.00000
117.29730	0.00000	0.00000	0.00000
117.47748	0.00000	0.00000	0.00000
117.65766	0.00000	0.00000	0.00000
117.83784	0.00000	0.00000	0.00000
118.01802	0.00000	0.00000	0.00000
118.19820	0.00000	0.00000	0.00000
118.37838	0.00000	0.00000	0.00000
118.55856	0.00000	0.00000	0.00000
118.73874	0.00000	0.00000	0.00000
118.91892	0.00000	0.00000	0.00000
119.09910	0.00000	0.00000	0.00000
119.27928	0.00000	0.00000	0.00000
119.45946	0.00000	0.00000	0.00000
119.63964	0.00000	0.00000	0.00000
119.81982	0.00000	0.00000	0.00000
120.00000	0.00000	0.00000	0.00000
120.18018	0.00000	0.00000	0.00000
120.36036	0.00000	0.00000	0.00000
120.54054	0.00000	0.00000	0.00000
120.72072	0.00000	0.00000	0.00000
120.90090	0.00000	0.00000	0.00000
121.08108	0.00000	0.00000	0.00000
121.26126	0.00000	0.00000	0.00000
121.44144	0.00000	0.00000	0.00000
121.62162	0.00000	0.00000	0.00000
121.80180	0.00000	0.00000	0.00000
121.98198	0.00000	0.00000	0.00000
122.16216	0.00000	0.00000	0.00000
122.34234	0.00000	0.00000	0.00000
122.52252	0.00000	0.00000	0.00000
122.70270	0.00000	0.00000	0.00000
122.88288	0.00000	0.00000	0.00000
123.06306	0.00000	0.00000	0.00000
123.24324	0.00000	0.00000	0.00000
123.42342	0.00000	0.00000	0.00000
123.60360	0.00000	0.00000	0.00000
123.78378	0.00000	0.00000	0.00000
123.96396	0.00000	0.00000	0.00000
124.14414	0.00000	0.00000	0.00000
124.32432	0.00000	0.00000	0.00000
124.50450	0.00000	0.00000	0.00000
124.68468	0.00000	0.00000	0.00000
124.86486	0.00000	0.00000	0.00000
125.04505	0.00000	0.00000	0.00000
125.22523	0.00000	0.00000	0.00000
125.40541	0.00000	0.00000	0.00000
125.58559	0.00000	0.00000	0.00000
125.76577	0.00000	0.00000	0.00000
125.94595	0.00000	0.00000	0.00000
126.12613	0.00000	0.00000	0.00000
126.30631	0.00000	0.00000	0.00000
126.48649	0.00000	0.00000	0.00000
126.66667	0.00000	0.00000	0.00000
126.84685	0.00000	0.00000	0.00000
127.02703	0.00000	0.00000	0.00000
127.20721	0.00000	0.00000	0.00000
127.38739	0.00000	0.00000	0.00000
127.56757	0.00000	0.00000	0.00000
127.74775	0.00000	0.00000	0.00000
127.92793	0.00000	0.00000	0.00000
128.10811	0.00000	0.00000	0.00000
128.28829	0.00000	0.00000	0.00000
128.46847	0.00000	0.00000	0.00000
128.64865	0.00000	0.00000	0.00000
128.82883	0.00000	0.00000	0.00000
129.00901	0.00000	0.00000	0.00000
129.18919	0.00000	0.00000	0.00000
129.36937	0.00000	0.00000	0.00000
129.54955	0.00000	0.00000	0.00000
129.72973	0.00000	0.00000	0.00000
129.90991	0.00000	0.00000	0.00000
130.09009	0.00000	0.00000	0.00000
130.27027	0.00000	0.00000	0.00000
130.45045	0.00000	0.00000	0.00000
130.63063	0.00000	0.00000	0.00000
130.81081	0.00000	0.00000	0.00000
130.99099	0.00000	0.00000	0.00000
131.17117	0.00000	0.00000	0.00000
131.35135	0.00000	0.00000	0.00000
131.53153	0.00000	0.00000	0.00000
131.71171	0.00000	0.00000	0.00000
131.89189	0.00000	0.00000	0.00000
132.07207	0.00000	0.00000	0.00000
132.25225	0.00000	0.00000	0.00000
132.43243	0.00000	0.00000	0.00000
132.61261	0.00000	0.00000	0.00000
132.79279	0.00000	0.00000	0.00000
132.97297	0.00000	0.00000	0.00000
133.15315	0.00000	0.00000	0.00000
133.33333	0.00000	0.00000	0.00000
133.51351	0.00000	0.00000	0.00000
133.69369	0.00000	0.00000	0.00000
133.87387	0.00000	0.00000	0.00000
134.05405	0.00000	0.00000	0.00000
134.23423	0.00000	0.00000	0.00000
134.41441	0.00000	0.00000	0.00000
134.59459	0.00000	0.00000	0.00000
134.77477	0.00000	0.00000	0.00000
134.95495	0.00000	0.00000	0.00000
135.13514	0.00000	0.00000	0.00000
135.31532	0.00000	0.00000	0.00000
135.49550	0.00000	0.00000	0.00000
135.67568	0.00000	0.00000	0.00000
135.85586	0.00000	0.00000	0.00000
136.03604	0.00000	0.00000	0.00000
136.21622	0.00000	0.00000	0.00000
136.39640	0.00000	0.00000	0.00000
136.57658	0.00000	0.00000	0.00000
136.75676	0.00000	0.00000	0.00000
136.93694	0.00000	0.00000	0.00000
137.11712	0.00000	0.00000	0.00000
137.29730	0.00000	0.00000	0.00000
137.47748	0.00000	0.00000	0.00000
137.65766	0.00000	0.00000	0.00000
137.83784	0.00000	0.00000	0.00000
138.01802	0.00000	0.00000	0.00000
138.19820	0.00000	0.00000	0.00000
138.37838	0.00000	0.00000	0.00000
138.55856	0.00000	0.00000	0.00000
138.73874	0.00000	0.00000	0.00000
138.91892	0.00000	0.00000	0.00000
139.09910	0.00000	0.00000	0.00000
139.27928	0.00000	0.00000	0.00000
139.45946	0.00000	0.00000	0.00000
139.63964	0.00000	0.00000	0.00000
139.81982	0.00000	0.00000	0.00000
140.00000	0.00000	0.00000	0.00000
140.18018	0.00000	0.00000	0.00000
140.36036	0.00000	0.00000	0.00000
140.54054	0.00000	0.00000	0.00000
140.72072	0.00000	0.00000	0.00000
140.90090	0.00000	0.00000	0.00000
141.08108	0.00000	0.00000	0.00000
141.26126	0.00000	0.00000	0.00000
141.44144	0.00000	0.00000	0.00000
141.62162	0.00000	0.00000	0.00000
141.80180	0.00000	0.00000	0.00000
141.98198	0.00000	0.00000	0.00000
142.16216	0.00000	0.00000	0.00000
142.34234	0.00000	0.00000	0.00000
142.52252	0.00000	0.00000	0.00000
142.70270	0.00000	0.00000	0.00000
142.88288	0.00000	0.00000	0.00000
143.06306	0.00000	0.00000	0.00000
143.24324	0.00000	0.00000	0.00000
143.42342	0.00000	0.00000	0.00000
143.60360	0.00000	0.00000	0.00000
143.78378	0.00000	0.00000	0.00000
143.96396	0.00000	0.00000	0.00000
144.14414	0.00000	0.00000	0.00000
144.32432	0.00000	0.00000	0.00000
144.50450	0.00000	0.00000	0.00000
144.68468	0.00000	0.00000	0.00000
144.86486	0.00000	0.00000	0.00000
145.04505	0.00000	0.00000	0.00000
145.22523	0.00000	0.00000	0.00000
145.40541	0.00000	0.00000	0.00000
145.58559	0.00000	0.00000	0.00000
145.76577	0.00000	0.00000	0.00000
145.94595	0.00000	0.00000	0.00000
146.12613	0.00000	0.00000	0.00000
146.30631	0.00000	0.00000	0.00000
146.48649	0.00000	0.00000	0.00000
146.66667	0.00000	0.00000	0.00000
146.84685	0.00000	0.00000	0.00000
147.02703	0.00000	0.00000	0.00000
147.20721	0.00000	0.00000	0.00000
147.38739	0.00000	0.00000	0.00000
147.56757	0.00000	0.00000	0.00000
147.74775	0.00000	0.00000	0.00000
147.92793	0.00000	0.00000	0.00000
148.10811	0.00000	0.00000	0.00000
148.28829	0.00000	0.00000	0.00000
148.46847	0.00000	0.00000	0.00000
148.64865	0.00000	0.00000	0.00000
148.82883	0.00000	0.00000	0.00000
149.00901	0.00000	0.00000	0.00000
149.18919	0.00000	0.00000	0.00000
149.36937	0.00000	0.00000	0.00000
149.54955	0.00000	0.00000	0.00000
149.72973	0.00000	0.00000	0.00000
149.90991	0.00000	0.00000	0.00000
150.09009	0.00000	0.00000	0.00000
150.27027	0.00000	0.00000	0.00000
150.45045	0.00000	0.00000	0.00000
150.63063	0.00000	0.00000	0.00000
150.81081	0.00000	0.00000	0.00000
150.99099	0.00000	0.00000	0.00000
151.17117	0.00000	0.00000	0.00000
151.35135	0.00000	0.00000	0.00000
151.53153	0.00000	0.00000	0.00000
151.71171	0.00000	0.00000	0.00000
151.89189	0.00000	0.00000	0.00000
152.07207	0.00000	0.00000	0.00000
152.25225	0.00000	0.00000	0.00000
152.43243	0.00000	0.00000	0.00000
152.61261	0.00000	0.00000	0.00000
152.79279	0.00000	0.00000	0.00000
152.97297	0.00000	0.00000	0.00000
153.15315	0.00000	0.00000	0.00000
153.33333	0.00000	0.00000	0.00000
153.51351	0.00000	0.00000	0.00000
153.69369	0.00000	0.00000	0.00000
153.87387	0.00000	0.00000	0.00000
154.05405	0.00000	0.00000	0.00000
154.23423	0.00000	0.00000	0.00000
154.41441	0.00000	0.00000	0.00000
154.59459	0.00000	0.00000	0.00000
154.77477	0.00000	0.00000	0.00000
154.95495	0.00000	0.00000	0.00000
155.13514	0.00000	0.00000	0.00000
155.31532	0.00000	0.00000	0.00000
155.49550	0.00000	0.00000	0.00000
155.67568	0.00000	0.00000	0.00000
155.85586	0.00000	0.00000	0.00000
156.03604	0.00000	0.00000	0.00000
156.21622	0.00000	0.00000	0.00000
156.39640	0.00000	0.00000	0.00000
156.57658	0.00000	0.00000	0.00000
156.75676	0.00000	0.00000	0.00000
156.93694	0.00000	0.00000	0.00000
157.11712	0.00000	0.00000	0.00000
157.29730	0.00000	0.00000	0.00000
157.47748	0.00000	0.00000	0.00000
157.65766	0.00000	0.00000	0.00000
157.83784	0.00000	0.00000	0.00000
158.01802	0.00000	0.00000	0.00000
158.19820	0.00000	0.00000	0.00000
158.37838	0.00000	0.00000	0.00000
158.55856	0.00000	0.00000	0.00000
158.73874	0.00000	0.00000	0.00000
158.91892	0.00000	0.00000	0.00000
159.09910	0.00000	0.00000	0.00000
159.27928	0.00000	0.00000	0.00000
159.45946	0.00000	0.00000	0.00000
159.63964	0.00000	0.00000	0.00000
159.81982	0.00000	0.00000	0.00000
160.00000	0.00000	0.00000	0.00000
160.18018	0.00000	0.00000	0.00000
160.36036	0.00000	0.00000	0.00000
160.54054	0.00000	0.00000	0.00000
160.72072	0.00000	0.00000	0.00000
160.90090	0.00000	0.00000	0.00000
161.08108	0.00000	0.00000	0.00000
161.26126	0.00000	0.00000	0.00000
161.44144	0.00000	0.00000	0.00000
161.62162	0.00000	0.00000	0.00000
161.80180	0.00000	0.00000	0.00000
161.98198	0.00000	0.00000	0.00000
162.16216	0.00000	0.00000	0.00000
162.34234	0.00000	0.00000	0.00000
162.52252	0.00000	0.00000	0.00000
162.70270	0.00000	0.00000	0.00000
162.88288	0.00000	0.00000	0.00000
163.06306	0.00000	0.00000	0.00000
163.24324	0.00000	0.00000	0.00000
163.42342	0.00000	0.00000	0.00000
163.60360	0.00000	0.00000	0.00000
163.78378	0.00000	0.00000	0.00000
163.96396	0.00000	0.00000	0.00000
164.14414	0.00000	0.00000	0.00000
164.32432	0.00000	0.00000	0.00000
164.50450	0.00000	0.00000	0.00000
164.68468	0.00000	0.00000	0.00000
164.86486	0.00000	0.00000	0.00000
165.04505	0.00000	0.00000	0.00000
165.22523	0.00000	0.00000	0.00000
165.40541	0.00000	0.00000	0.00000
165.58559	0.00000	0.00000	0.00000
165.76577	0.00000	0.00000	0.00000
165.94595	0.00000	0.00000	0.00000
166.12613	0.00000	0.00000	0.00000
166.30631	0.00000	0.00000	0.00000
166.48649	0.00000	0.00000	0.00000
166.66667	0.00000	0.00000	0.00000
166.84685	0.00000	0.00000	0.00000
167.02703	0.00000	0.00000	0.00000
167.20721	0.00000	0.00000	0.00000
167.38739	0.00000	0.00000	0.00000
167.56757	0.00000	0.00000	0.00000
167.74775	0.00000	0.00000	0.00000
167.92793	0.00000	0.00000	0.00000
168.10811	0.00000	0.00000	0.00000
168.28829	0.00000	0.00000	0.00000
168.46847	0.00000	0.00000	0.00000
168.64865	0.00000	0.00000	0.00000
168.82883	0.00000	0.00000	0.00000
169.00901	0.00000	0.00000	0.00000
169.18919	0.00000	0.00000	0.00000
169.36937	0.00000	0.00000	0.00000
169.54955	0.00000	0.00000	0.00000
169.72973	0.00000	0.00000	0.00000
169.90991	0.00000	0.00000	0.00000
170.09009	0.00000	0.00000	0.00000
170.27027	0.00000	0.00000	0.00000
170.45045	0.00000	0.00000	0.00000
170.63063	0.00000	0.00000	0.00000
170.81081	0.00000	0.00000	0.00000
170.99099	0.00000	0.00000	0.00000
171.17117	0.00000	0.00000	0.00000
171.35135	0.00000	0.00000	0.00000
171.53153	0.00000	0.00000	0.00000
171.71171	0.00000	0.00000	0.00000
171.89189	0.00000	0.00000	0.00000
172.07207	0.00000	0.00000	0.00000
172.25225	0.00000	0.00000	0.00000
172.43243	0.00000	0.00000	0.00000
172.61261	0.00000	0.00000	0.00000
172.79279	0.00000	0.00000	0.00000
172.97297	0.00000	0.00000	0.00000
173.15315	0.00000	0.00000	0.00000
173.33333	0.00000	0.00000	0.00000
173.51351	0.00000	0.00000	0.00000
173.69369	0.00000	0.00000	0.00000
173.87387	0.00000	0.00000	0.00000
174.05405	0.00000	0.00000	0.00000
174.23423	0.00000	0.00000	0.00000
174.41441	0.00000	0.00000	0.00000
174.59459	0.00000	0.00000	0.00000
174.77477	0.00000	0.00000	0.00000
174.95495	0.00000	0.00000	0.00000
175.13514	0.00000	0.00000	0.00000
175.31532	0.00000	0.00000	0.00000
175.49550	0.00000	0.00000	0.00000
175.67568	0.00000	0.00000	0.00000
175.85586	0.00000	0.00000	0.00000
176.03604	0.00000	0.00000	0.00000
176.21622	0.00000	0.00000	0.00000
176.39640	0.00000	0.00000	0.00000
176.57658	0.00000	0.00000	0.00000
176.75676	0.00000	0.00000	0.00000
176.93694	0.00000	0.00000	0.00000
177.11712	0.00000	0.00000	0.00000
177.29730	0.00000	0.00000	0.00000
177.47748	0.00000	0.00000	0.00000
177.65766	0.00000	0.00000	0.00000
177.83784	0.00000	0.00000	0.00000
178.01802	0.00000	0.00000	0.00000
178.19820	0.00000	0.00000	0.00000
178.37838	0.00000	0.00000	0.00000
178.55856	0.00000	0.00000	0.00000
178.73874	0.00000	0.00000	0.00000
178.91892	0.00000	0.00000	0.00000
179.09910	0.00000	0.00000	0.00000
179.27928	0.00000	0.00000	0.00000
179.45946	0.00000	0.00000	0.00000
179.63964	0.00000	0.00000	0.00000
179.81982	0.00000	0.00000	0.00000
180.00000	0.00000	0.00000	0.00000
